1 2
1 3
1 4
1 7
1 10
1 11
1 12
1 18
1 19
1 24
1 35
1 36
1 53
1 54
1 55
1 56
1 57
1 58
1 59
1 60
1 62
1 64
1 65
1 66
1 67
1 69
1 73
1 74
1 78
1 81
1 82
1 83
1 84
1 85
1 86
1 87
1 88
1 90
1 91
1 93
1 94
1 95
1 97
1 98
1 99
1 100
1 101
1 102
1 103
1 104
1 105
1 107
1 108
1 109
1 110
1 111
1 112
1 113
1 114
1 116
1 117
1 118
1 119
1 120
1 121
1 122
1 123
1 124
1 125
1 126
1 127
1 129
1 130
1 131
1 132
1 133
1 134
1 141
1 142
1 143
1 144
1 145
1 147
1 148
1 154
1 155
1 160
1 161
1 162
1 163
1 164
4 5
4 6
5 337
5 825
5 831
5 843
5 862
5 863
5 864
5 866
5 867
5 1532
5 2950
5 2951
7 8
7 9
12 13
12 15
12 16
12 17
13 14
19 20
19 22
19 23
20 21
24 25
24 26
24 29
24 30
24 34
26 27
26 28
30 31
31 32
32 33
36 37
37 38
38 39
38 48
39 40
40 41
41 42
42 43
43 44
44 45
45 46
46 47
48 49
49 50
50 51
51 52
60 61
62 63
67 68
69 70
70 71
71 72
74 75
75 76
76 77
78 79
79 80
88 89
91 92
95 96
105 106
114 115
127 128
134 135
135 136
136 137
137 138
138 139
139 140
145 146
148 149
149 150
150 151
151 152
152 153
155 156
156 157
157 158
158 159
164 165
166 167
166 217
166 238
166 358
166 360
166 385
166 386
166 426
166 441
166 442
166 455
166 499
166 500
166 501
166 504
166 505
166 570
166 587
166 591
166 592
166 597
166 598
166 615
166 616
166 617
166 630
166 631
166 632
166 633
166 634
166 635
166 636
166 637
166 638
166 639
166 640
166 652
166 653
166 655
166 659
166 660
166 661
166 664
166 665
166 666
166 668
166 670
166 672
166 674
166 676
166 677
166 678
166 680
166 682
166 683
166 685
166 686
166 687
166 688
166 690
166 691
166 693
166 694
166 696
166 698
166 701
166 702
166 703
166 704
166 705
166 711
166 712
166 713
166 715
166 716
166 717
166 720
166 721
166 723
166 724
166 725
166 726
166 727
166 728
166 729
166 730
166 732
166 734
166 735
166 737
166 738
166 740
166 745
166 746
166 748
166 749
166 750
166 751
166 753
166 754
166 756
166 757
166 758
166 759
166 760
166 761
166 762
166 767
166 768
166 769
166 770
166 772
166 773
166 775
166 777
166 780
166 781
166 782
166 784
166 787
166 789
166 790
166 791
166 792
166 793
166 794
166 795
166 796
166 797
166 798
166 799
166 801
166 802
166 803
166 804
166 807
166 808
166 809
166 810
166 811
166 812
166 814
166 815
166 818
166 819
166 820
167 168
167 170
167 171
167 172
167 173
167 178
167 179
167 180
167 182
167 183
167 187
167 188
167 189
167 190
167 191
167 192
167 193
167 196
167 197
167 210
167 212
167 214
167 215
168 169
173 174
174 175
175 176
176 177
180 181
183 184
184 185
185 186
193 194
194 195
197 198
198 199
199 200
200 201
201 202
201 203
201 205
201 206
201 207
201 208
201 209
203 204
210 211
212 213
215 216
217 218
217 219
217 220
217 225
217 226
217 229
217 231
217 232
217 233
217 236
217 237
220 221
221 222
222 223
223 224
226 227
227 228
229 230
233 234
234 235
238 239
238 242
238 243
238 245
238 246
238 249
238 254
238 256
238 257
238 259
238 260
238 264
238 267
238 268
238 269
238 270
238 271
238 272
238 276
238 277
238 278
238 280
238 284
238 287
238 288
238 290
238 291
238 292
238 304
238 306
238 307
238 308
238 309
238 310
238 314
238 315
238 316
238 318
238 319
238 320
238 322
238 324
238 326
238 329
238 330
238 331
238 334
238 355
238 357
239 240
240 241
243 244
246 247
247 248
249 250
250 251
251 252
252 253
254 255
257 258
260 261
261 262
262 263
264 265
265 266
272 273
273 274
274 275
278 279
280 281
281 282
282 283
284 285
285 286
288 289
292 293
292 295
292 298
292 300
292 303
292 1670
292 1677
292 1678
292 1680
292 1681
292 3040
292 3041
293 294
295 296
296 297
298 299
300 301
301 302
304 305
310 311
311 312
312 313
316 317
320 321
322 323
324 325
326 327
327 328
331 332
332 333
334 335
335 336
336 5
337 338
338 339
339 340
340 341
340 347
340 350
340 354
341 342
341 345
341 346
341 1210
341 1212
342 343
342 344
347 348
348 349
350 351
351 882
352 351
352 353
355 356
355 1340
355 1343
355 1344
355 1348
358 359
360 361
360 363
360 366
360 383
360 384
361 362
363 364
364 365
366 367
366 370
366 375
366 376
366 378
366 381
367 368
368 369
370 371
371 372
372 373
373 374
376 377
378 379
379 380
381 382
385 1388
385 1389
386 387
386 388
386 389
386 391
386 392
386 395
386 396
386 402
386 403
386 404
386 405
386 407
386 408
386 409
386 411
386 412
386 416
386 418
386 419
386 421
386 422
386 425
389 390
392 393
393 394
396 397
397 398
397 400
398 399
400 401
405 406
409 410
412 413
413 414
414 415
416 417
419 420
422 423
423 424
426 427
426 428
426 429
426 430
426 431
426 432
426 433
426 434
426 437
426 438
426 439
426 440
434 435
435 436
442 443
442 444
442 445
442 448
442 453
445 446
446 447
448 449
449 450
450 451
451 452
453 454
455 456
455 458
455 459
455 460
455 462
455 466
455 467
455 468
455 470
455 471
455 473
455 474
455 475
455 476
455 477
455 480
455 482
455 483
455 484
455 486
455 489
455 490
455 491
455 493
455 495
455 497
455 498
456 457
460 461
462 463
463 464
464 465
468 469
471 472
477 478
478 479
480 481
484 485
486 487
487 488
491 492
493 494
495 496
501 502
502 503
505 506
505 507
505 508
505 509
505 510
505 513
505 514
505 515
505 516
505 517
505 521
505 524
505 531
505 532
505 535
505 537
505 538
505 539
505 543
505 545
505 549
505 553
505 554
505 555
505 556
505 558
505 560
505 562
505 566
505 567
505 568
505 569
510 511
511 512
517 518
518 519
519 520
521 522
522 523
524 525
525 526
526 527
527 528
528 529
529 530
532 533
533 534
534 532
535 536
539 540
540 541
541 542
543 544
543 2371
545 546
546 547
547 548
549 550
550 551
551 552
556 557
558 559
560 561
562 563
563 564
564 565
570 571
570 572
570 573
570 574
570 575
570 578
570 579
570 581
570 582
570 583
570 584
570 586
575 576
576 577
579 580
584 585
587 588
588 589
589 590
592 593
592 594
592 595
592 596
598 599
598 601
598 603
598 613
598 614
599 600
601 602
603 604
604 605
605 606
606 607
607 608
608 609
609 610
610 611
611 612
617 618
617 621
617 623
617 624
617 628
618 619
619 620
621 622
624 625
625 626
626 627
628 629
640 641
641 642
642 643
643 644
644 645
645 646
646 647
647 648
648 649
649 650
650 651
653 654
655 656
656 657
657 658
661 662
662 663
666 667
668 669
670 671
672 673
674 675
678 679
680 681
683 684
684 929
684 930
687 2134
688 689
691 692
694 695
696 697
698 699
699 700
705 706
706 707
707 708
708 709
709 710
713 714
717 718
718 719
721 722
730 731
732 733
735 736
738 739
740 741
741 742
742 743
743 744
746 747
751 752
754 1555
755 754
762 763
763 764
764 765
765 766
770 771
773 774
775 776
777 778
778 779
782 783
784 785
785 786
787 788
799 800
804 805
805 806
812 813
815 816
816 817
820 821
822 341
822 355
822 385
822 823
822 886
822 890
822 915
822 917
822 920
822 993
822 994
822 1006
822 1007
822 1008
822 1010
822 1037
822 1071
822 1072
822 1158
822 1161
822 1207
822 1213
822 1214
822 1222
822 1224
822 1227
822 1256
822 1276
822 1277
822 1281
822 1282
822 1285
822 1286
822 1288
822 1300
822 1302
822 1304
822 1317
822 1319
822 1320
822 1334
822 1337
822 1339
822 1351
822 1353
822 1354
822 1357
822 1360
822 1367
822 1369
822 1370
822 1371
822 1373
822 1378
822 1379
822 1380
822 1381
822 1382
822 1383
822 1384
822 1385
822 1386
822 1387
822 1390
822 1391
822 1392
822 1393
822 1394
822 1396
822 1398
822 1399
822 1400
822 1404
822 1405
822 1406
822 1411
822 1413
822 1415
822 1417
822 1422
822 1423
822 1424
822 1425
822 1426
822 1427
822 1431
822 1432
822 1433
822 1435
822 1436
822 1437
822 1439
822 1440
822 1441
822 1443
822 1444
822 1445
822 1446
822 1447
822 1450
822 1453
822 1456
822 1457
822 1458
822 1459
822 1461
822 1463
822 1468
822 1469
822 1472
822 1473
822 1475
823 5
823 338
823 824
823 870
823 871
823 874
823 875
823 879
823 880
823 882
823 884
823 885
825 826
825 829
826 827
826 828
829 830
831 832
832 833
833 834
834 835
835 836
836 837
836 840
837 838
838 839
840 841
841 842
843 844
844 845
844 854
844 861
845 846
846 847
846 848
846 849
846 850
846 851
846 852
846 853
854 855
855 856
856 857
857 858
858 859
859 860
864 865
867 868
868 869
871 872
872 873
875 876
876 877
877 878
880 881
882 883
882 1526
882 1528
882 1531
882 1533
886 887
887 888
888 889
890 891
890 905
890 906
890 907
890 908
890 912
890 914
891 892
891 893
891 894
891 896
891 897
891 899
891 900
891 901
891 904
894 895
897 898
901 902
902 903
908 909
909 910
910 911
912 913
915 916
917 918
918 919
920 921
921 922
921 935
921 954
921 979
921 980
921 989
921 990
921 992
922 923
923 924
924 925
924 927
925 926
927 928
928 684
928 934
930 931
931 932
932 933
935 936
935 951
936 937
936 946
936 949
936 950
937 938
938 939
939 940
940 941
940 942
940 943
940 944
944 945
946 947
947 948
951 952
952 953
954 955
954 962
954 976
955 956
956 957
957 958
958 959
959 960
960 961
962 963
962 975
963 964
963 969
963 973
964 965
965 966
966 967
967 968
969 970
970 971
970 972
973 974
976 977
976 978
980 981
981 982
981 988
982 983
983 984
984 985
985 986
986 987
990 991
994 995
994 996
994 1004
994 1005
996 997
996 1002
996 1003
997 998
997 1000
997 1001
998 999
1008 1009
1010 1011
1010 1012
1010 1020
1010 1027
1010 1029
1010 1031
1010 1034
1010 1035
1012 1013
1013 1014
1013 1019
1014 1015
1015 1016
1016 1017
1017 1018
1020 1021
1020 1024
1020 1025
1021 1022
1022 1023
1025 1026
1026 343
1027 1028
1029 1030
1031 1032
1032 1033
1035 1036
1037 1038
1037 1061
1037 1064
1038 1039
1038 1042
1038 1052
1038 1059
1038 1060
1039 1040
1040 1041
1042 1043
1042 1044
1042 1051
1044 1045
1045 1046
1046 1047
1047 1048
1048 1049
1049 1050
1052 1053
1053 1054
1053 1055
1055 1056
1056 1057
1057 1058
1061 1062
1062 1063
1064 1065
1064 1070
1065 1066
1065 1068
1066 1067
1068 1069
1072 1073
1072 1111
1073 1074
1073 1082
1073 1084
1073 1090
1073 1106
1073 1108
1073 1110
1074 1075
1075 1076
1076 1077
1077 1078
1078 1079
1079 1080
1079 1081
1082 1083
1084 1085
1085 1086
1086 1087
1086 1089
1087 1088
1090 1091
1091 1092
1091 1097
1091 1098
1091 1100
1091 1101
1092 1093
1093 1094
1093 1095
1095 1096
1098 1099
1101 1102
1102 1103
1103 1104
1104 1105
1106 1107
1108 1109
1111 1112
1111 1139
1112 1113
1112 1138
1113 1114
1114 1115
1115 1116
1115 1120
1115 1127
1115 1130
1115 1131
1115 1132
1115 1133
1115 1134
1115 1135
1115 1137
1116 1117
1116 1118
1116 1119
1118 1936
1120 1121
1120 1122
1122 1123
1123 1124
1124 1125
1125 1126
1127 1128
1128 1129
1135 1136
1139 1140
1139 1154
1139 1155
1139 1156
1140 1141
1140 1151
1140 1153
1141 1142
1141 1147
1141 1148
1141 1149
1142 1143
1142 1144
1144 1145
1144 1146
1149 1150
1151 1152
1156 1157
1158 1159
1159 1160
1161 1162
1162 1163
1162 1164
1162 1167
1162 1168
1162 1171
1162 1177
1162 1203
1162 1204
1162 1205
1162 1206
1164 1165
1165 1166
1168 1169
1169 1170
1171 1172
1171 1175
1171 1176
1172 1173
1173 1174
1177 1178
1178 1179
1179 1180
1179 1187
1179 1202
1180 1181
1181 1182
1182 1183
1183 1184
1184 1185
1185 1186
1187 1188
1188 1189
1188 1193
1189 1190
1190 1191
1191 1192
1193 1194
1193 1200
1194 1195
1194 1198
1195 1196
1195 1197
1198 1199
1200 1201
1207 1208
1208 1209
1210 1211
1214 1215
1215 1216
1216 1217
1216 1220
1216 1221
1217 1218
1218 1219
1222 1223
1224 1225
1225 1226
1227 1228
1227 1229
1227 1231
1227 1248
1227 1251
1227 1252
1227 1255
1229 1230
1231 1232
1231 1246
1232 1233
1233 1234
1234 1235
1235 1236
1236 1237
1236 1239
1237 1238
1239 1240
1240 1241
1241 1242
1242 1243
1243 1244
1244 1245
1246 1247
1248 1249
1249 1250
1252 1253
1252 1254
1256 1257
1257 1258
1258 1259
1259 1260
1259 1261
1261 1262
1261 1269
1261 1272
1262 1263
1263 1264
1263 1268
1264 1265
1264 1267
1265 1266
1269 1270
1270 1271
1272 1273
1272 1275
1273 1274
1277 1278
1277 1279
1279 1280
1282 1283
1283 1284
1286 1287
1288 1289
1288 1291
1288 1295
1288 1296
1288 1298
1288 1299
1289 1290
1291 1292
1292 1293
1293 1294
1296 1297
1300 1301
1302 1303
1304 1305
1304 1315
1304 1316
1305 1306
1306 1307
1306 1312
1307 1308
1307 1309
1309 1310
1310 1311
1312 1313
1313 1314
1317 1318
1320 1321
1320 1332
1321 1322
1322 1323
1323 1324
1323 1330
1324 1325
1324 1326
1324 1327
1327 1328
1328 1329
1330 1331
1332 1333
1334 1335
1335 1336
1337 1338
1340 1341
1341 1342
1344 1345
1345 1346
1346 1347
1348 1349
1349 1350
1351 1352
1354 1355
1355 1356
1357 1358
1357 1359
1360 1361
1361 1362
1361 1366
1362 1363
1363 1364
1364 1365
1367 1368
1371 1372
1373 1374
1374 1375
1375 1376
1376 1377
1394 1395
1396 1397
1400 1401
1401 1402
1402 1403
1406 1407
1407 1408
1407 1409
1409 1410
1411 1412
1413 1414
1415 1416
1417 1418
1418 1419
1419 1420
1420 1421
1427 1428
1428 1429
1429 1430
1433 1434
1437 1438
1441 1442
1447 1448
1448 1449
1450 1451
1451 1452
1453 1454
1454 1455
1459 1460
1461 1462
1463 1464
1464 1465
1465 1466
1466 1467
1469 1470
1470 1471
1473 1474
1475 1476
1477 319
1477 338
1477 1478
1477 1578
1477 1579
1477 1784
1477 1830
1477 1855
1477 1897
1477 2004
1477 2005
1477 2126
1477 2189
1477 2190
1477 2191
1477 2232
1477 2233
1477 2275
1477 2276
1477 2322
1477 2324
1477 2352
1477 2353
1477 2354
1477 2403
1477 2404
1477 2405
1477 2417
1477 2420
1477 2422
1477 2423
1477 2426
1477 2427
1477 2428
1477 2429
1477 2431
1477 2432
1477 2488
1477 2493
1477 2494
1477 2495
1477 2497
1477 2498
1477 2499
1477 2501
1477 2502
1477 2503
1477 2504
1477 2506
1477 2507
1477 2551
1477 2552
1477 2554
1477 2555
1477 2556
1477 2558
1477 2559
1477 2560
1477 2562
1477 2563
1477 2564
1477 2571
1477 2575
1477 2576
1477 2579
1477 2580
1477 2581
1477 2582
1477 2584
1477 2585
1477 2586
1477 2588
1477 2590
1477 2592
1477 2593
1477 2595
1477 2596
1477 2597
1477 2598
1477 2600
1477 2602
1477 2603
1477 2605
1477 2606
1477 2607
1477 2609
1477 2610
1477 2612
1477 2613
1477 2614
1477 2616
1477 2617
1477 2618
1477 2619
1477 2621
1477 2622
1477 2625
1477 2626
1477 2628
1477 2630
1477 2631
1477 2634
1477 2636
1477 2637
1477 2638
1477 2640
1477 2641
1477 2645
1477 2648
1477 2649
1477 2651
1477 2652
1477 2653
1477 2654
1477 2656
1477 2657
1477 2658
1477 2661
1477 2662
1477 2663
1477 2670
1477 2671
1477 2672
1477 2673
1477 2674
1477 2677
1477 2679
1477 2684
1477 2688
1477 2690
1477 2691
1477 2692
1477 2694
1477 2696
1477 2698
1477 2701
1477 2702
1477 2703
1477 2709
1477 2711
1477 2712
1477 2713
1477 2714
1477 2717
1477 2719
1477 2720
1477 2722
1477 2723
1477 2724
1477 2725
1477 2728
1477 2729
1477 2730
1477 2731
1477 2732
1477 2734
1477 2736
1477 2737
1477 2739
1477 2740
1477 2741
1477 2743
1477 2745
1477 2746
1477 2747
1477 2748
1477 2751
1477 2752
1477 2754
1477 2755
1477 2756
1477 2757
1477 2759
1477 2761
1477 2764
1477 2765
1477 2766
1477 2767
1477 2768
1477 2769
1477 2771
1477 2772
1477 2773
1477 2775
1477 2776
1477 2778
1477 2779
1477 2780
1477 2781
1477 2785
1477 2786
1477 2787
1477 2788
1477 2792
1477 2793
1477 2794
1477 2795
1477 2796
1477 2797
1477 2798
1477 2800
1477 2802
1477 2803
1477 2807
1477 2809
1477 2810
1477 2816
1477 2817
1477 2818
1477 2819
1477 2820
1477 2824
1477 2825
1477 2826
1477 2827
1477 2830
1477 2834
1477 2836
1477 2837
1477 2838
1477 2842
1477 2844
1477 2845
1477 2846
1477 2847
1477 2848
1477 2852
1477 2853
1477 2855
1477 2856
1477 2857
1477 2858
1477 2859
1477 2860
1477 2862
1477 2863
1477 2864
1477 2866
1477 2868
1477 2869
1477 2870
1477 2872
1477 2874
1477 2875
1477 2876
1477 2881
1477 2882
1477 2883
1477 2884
1477 2888
1477 2889
1477 2891
1477 2893
1477 2895
1477 2899
1477 2900
1477 2901
1477 2902
1477 2903
1477 2905
1477 2906
1477 2908
1477 2909
1477 2910
1477 2911
1477 2912
1477 2926
1477 2928
1477 2930
1477 2932
1478 755
1478 1479
1478 1480
1478 1481
1478 1483
1478 1484
1478 1486
1478 1488
1478 1489
1478 1492
1478 1493
1478 1495
1478 1497
1478 1498
1478 1499
1478 1502
1478 1513
1478 1514
1478 1516
1478 1519
1478 1523
1478 1534
1478 1539
1478 1540
1478 1542
1478 1543
1478 1544
1478 1546
1478 1548
1478 1552
1478 1556
1478 1561
1478 1562
1478 1565
1478 1567
1478 1568
1478 1570
1478 1571
1478 1572
1478 1573
1478 1574
1478 1575
1478 1576
1478 1577
1481 1482
1484 1485
1486 1487
1489 1490
1490 1491
1493 1494
1495 1496
1499 1500
1500 1501
1502 1503
1503 1504
1504 1505
1505 1506
1506 1507
1507 1508
1508 1509
1509 1510
1510 1511
1511 1512
1514 1515
1516 1517
1517 1518
1519 1520
1520 1521
1521 1522
1523 1524
1524 1525
1525 352
1526 1527
1528 1529
1529 1530
1531 5
1534 1535
1535 1536
1536 1537
1537 1538
1540 1541
1544 1545
1546 1547
1548 1549
1548 1551
1549 1550
1552 1553
1553 1554
1556 1557
1557 1558
1558 1559
1559 1560
1562 1563
1563 1564
1565 1566
1568 1569
1579 292
1579 1143
1579 1580
1579 1581
1579 1582
1579 1583
1579 1587
1579 1588
1579 1589
1579 1592
1579 1596
1579 1597
1579 1598
1579 1599
1579 1607
1579 1609
1579 1612
1579 1613
1579 1614
1579 1615
1579 1616
1579 1618
1579 1621
1579 1622
1579 1623
1579 1626
1579 1627
1579 1628
1579 1629
1579 1632
1579 1635
1579 1637
1579 1639
1579 1640
1579 1647
1579 1648
1579 1650
1579 1651
1579 1654
1579 1656
1579 1657
1579 1658
1579 1660
1579 1665
1579 1666
1579 1682
1579 1684
1579 1686
1579 1687
1579 1688
1579 1689
1579 1690
1579 1691
1579 1694
1579 1696
1579 1698
1579 1699
1579 1702
1579 1703
1579 1704
1579 1705
1579 1707
1579 1709
1579 1710
1579 1712
1579 1717
1579 1718
1579 1719
1579 1722
1579 1724
1579 1725
1579 1727
1579 1728
1579 1731
1579 1732
1579 1733
1579 1734
1579 1735
1579 1736
1579 1740
1579 1741
1579 1742
1579 1743
1579 1744
1579 1746
1579 1747
1579 1748
1579 1749
1579 1750
1579 1753
1579 1754
1579 1755
1579 1756
1579 1758
1579 1759
1579 1760
1579 1761
1579 1764
1579 1768
1579 1769
1579 1770
1579 1773
1579 1776
1579 1777
1579 1779
1579 1782
1583 1584
1584 1585
1585 1586
1589 1590
1590 1591
1592 1593
1593 1594
1594 1595
1599 1600
1600 1601
1601 1602
1601 1606
1602 1603
1603 1604
1604 1605
1607 1608
1609 1610
1610 1611
1616 1617
1618 1619
1619 1620
1623 1624
1624 1625
1629 1630
1630 1631
1632 1633
1633 1634
1635 1636
1637 1638
1640 1641
1641 1642
1642 1643
1643 1644
1644 1645
1645 1646
1648 1649
1651 1652
1652 1653
1654 1655
1658 1659
1660 1661
1661 1662
1662 1663
1663 1664
1666 1667
1667 1668
1668 1669
1670 1671
1671 1672
1672 1673
1673 1674
1674 1675
1675 1676
1678 1679
1682 1683
1684 1685
1691 1692
1692 1693
1694 1695
1696 1697
1699 1700
1700 1701
1705 1706
1707 1708
1710 1711
1712 1713
1713 1714
1714 1715
1715 1716
1719 1720
1720 1721
1722 1723
1725 1726
1728 1729
1729 1730
1736 1737
1737 1738
1738 1739
1744 1745
1750 1751
1751 1752
1756 1757
1761 1762
1762 1763
1764 1765
1765 1766
1766 1767
1770 1771
1771 1772
1773 1774
1774 1775
1777 1778
1779 1780
1780 1781
1782 1783
1784 1785
1784 1786
1784 1788
1784 1789
1784 1792
1784 1793
1784 1795
1784 1798
1784 1799
1784 1801
1784 1802
1784 1803
1784 1805
1784 1807
1784 1815
1784 1816
1784 1818
1784 1820
1784 1822
1784 1823
1784 1824
1784 1825
1784 1829
1786 1787
1789 1790
1790 1791
1793 1794
1795 1796
1796 1797
1799 1800
1803 1804
1805 1806
1807 1808
1808 1809
1809 1810
1810 1811
1811 1812
1812 1813
1813 1814
1816 1817
1818 1819
1820 1821
1825 1826
1826 1827
1827 1828
1830 534
1830 1831
1830 1832
1830 1835
1830 1836
1830 1837
1830 1840
1830 1841
1830 1842
1830 1844
1830 1845
1830 1846
1830 1847
1830 1851
1830 1852
1830 1854
1832 1833
1833 1834
1837 1838
1838 1839
1842 1843
1847 1848
1848 1849
1849 1850
1852 1853
1855 1856
1855 1857
1855 1858
1855 1860
1855 1861
1855 1864
1855 1865
1855 1867
1855 1874
1855 1877
1855 1878
1855 1879
1855 1883
1855 1884
1855 1885
1855 1890
1855 1892
1855 1893
1855 1894
1855 1895
1855 1896
1858 1859
1861 1862
1862 1863
1865 1866
1867 1868
1868 1869
1869 1870
1870 1871
1871 1872
1872 1873
1874 1875
1875 1876
1879 1880
1880 1881
1881 1882
1885 1886
1886 1887
1887 1888
1888 1889
1890 1891
1897 1898
1897 1899
1897 1907
1897 1910
1897 1911
1897 1912
1897 1914
1897 1915
1897 1916
1897 1917
1897 1918
1897 1922
1897 1923
1897 1927
1897 1930
1897 1931
1897 1933
1897 1934
1897 1939
1897 1940
1897 1942
1897 1944
1897 1945
1897 1946
1897 1949
1897 1955
1897 1963
1897 1964
1897 1965
1897 1969
1897 1971
1897 1973
1897 1974
1897 1975
1897 1977
1897 1978
1897 1981
1897 1986
1897 1987
1897 1990
1897 1991
1897 1992
1897 1993
1897 1994
1897 1995
1897 1996
1897 1997
1897 1998
1897 1999
1897 2000
1897 2001
1897 2003
1899 1900
1900 1901
1901 1902
1902 1903
1903 1904
1904 1905
1905 1906
1907 1908
1908 1909
1912 1913
1918 1919
1919 1920
1920 1921
1923 1924
1924 1925
1925 1926
1927 1928
1928 1929
1931 1932
1934 1935
1935 1118
1936 1937
1937 1938
1940 1941
1942 1943
1946 1947
1947 1948
1949 1950
1950 1951
1951 1952
1952 1953
1953 1954
1955 1956
1956 1957
1957 1958
1958 1959
1959 1960
1960 1961
1961 1962
1965 1966
1966 1967
1967 1968
1969 1970
1971 1972
1975 1976
1978 1979
1979 1980
1981 1982
1982 1983
1983 1984
1984 1985
1987 1988
1988 1989
2001 2002
2005 2006
2005 2007
2005 2015
2005 2016
2005 2018
2005 2019
2005 2025
2005 2027
2005 2028
2005 2029
2005 2032
2005 2036
2005 2037
2005 2038
2005 2040
2005 2042
2005 2044
2005 2045
2005 2047
2005 2048
2005 2051
2005 2052
2005 2053
2005 2056
2005 2058
2005 2060
2005 2061
2005 2062
2005 2063
2005 2064
2005 2066
2005 2068
2005 2069
2005 2071
2005 2072
2005 2074
2005 2078
2005 2080
2005 2081
2005 2082
2005 2083
2005 2087
2005 2092
2005 2093
2005 2097
2005 2099
2005 2102
2005 2105
2005 2108
2005 2109
2005 2110
2005 2111
2005 2112
2005 2113
2005 2116
2005 2117
2005 2118
2005 2121
2005 2122
2005 2124
2005 2125
2007 2008
2008 2009
2009 2010
2010 2011
2011 2012
2012 2013
2013 2014
2016 2017
2019 2020
2020 2021
2021 2022
2022 2023
2023 2024
2025 2026
2029 2030
2030 2031
2032 2033
2033 2034
2034 2035
2038 2039
2040 2041
2042 2043
2045 2046
2048 2049
2049 2050
2053 2054
2054 2055
2056 2057
2058 2059
2064 2065
2066 2067
2069 2070
2072 2073
2074 2075
2075 2076
2076 2077
2078 2079
2083 2084
2084 2085
2085 2086
2087 2088
2088 2089
2089 2090
2090 2091
2093 2094
2094 2095
2095 2096
2097 2098
2099 2100
2100 2101
2102 2103
2103 2104
2105 2106
2106 2107
2113 2114
2114 2115
2118 2119
2119 2120
2122 2123
2126 2127
2126 2128
2126 2146
2126 2147
2126 2153
2126 2156
2126 2157
2126 2159
2126 2162
2126 2164
2126 2166
2126 2170
2126 2173
2126 2179
2126 2187
2128 687
2128 2129
2128 2132
2128 2136
2128 2138
2128 2140
2128 2143
2128 2145
2129 2130
2130 2131
2132 2133
2134 2135
2136 2137
2138 2139
2140 2141
2141 2142
2143 2144
2147 2148
2148 2149
2149 2150
2150 2151
2151 2152
2153 2154
2154 2155
2157 2158
2159 2160
2160 2161
2162 2163
2164 2165
2166 2167
2167 2168
2168 2169
2170 2171
2171 2172
2173 2174
2174 2175
2175 2176
2176 2177
2177 2178
2179 2180
2180 2181
2181 2182
2182 2183
2183 2184
2184 2185
2185 2186
2187 2188
2191 2192
2191 2193
2191 2194
2191 2195
2191 2198
2191 2199
2191 2203
2191 2208
2191 2209
2191 2212
2191 2215
2191 2216
2191 2217
2191 2219
2191 2220
2191 2221
2191 2224
2191 2226
2191 2227
2191 2229
2191 2231
2195 2196
2196 2197
2199 2200
2200 2201
2201 2202
2203 2204
2204 2205
2205 2206
2206 2207
2209 2210
2210 2211
2212 2213
2213 2214
2217 2218
2221 2222
2222 2223
2224 2225
2227 2228
2229 2230
2233 2234
2233 2236
2233 2237
2233 2239
2233 2240
2233 2241
2233 2242
2233 2244
2233 2245
2233 2246
2233 2251
2233 2252
2233 2253
2233 2255
2233 2256
2233 2259
2233 2261
2233 2262
2233 2265
2233 2268
2233 2270
2233 2271
2233 2273
2234 2235
2237 2238
2242 2243
2246 2247
2247 2248
2247 2250
2248 2249
2253 2254
2256 2257
2257 2258
2259 2260
2262 2263
2263 2264
2265 2266
2266 2267
2268 2269
2271 2272
2273 2274
2276 2277
2276 2280
2276 2282
2276 2283
2276 2285
2276 2286
2276 2288
2276 2291
2276 2292
2276 2293
2276 2294
2276 2295
2276 2296
2276 2298
2276 2299
2276 2300
2276 2304
2276 2306
2276 2307
2276 2311
2276 2313
2276 2314
2276 2317
2276 2320
2277 2278
2278 2279
2280 2281
2283 2284
2286 2287
2288 2289
2288 2290
2296 2297
2300 2301
2301 2302
2302 2303
2304 2305
2307 2308
2308 2309
2309 2310
2311 2312
2314 2315
2315 2316
2317 2318
2318 2319
2320 2321
2322 2323
2324 2325
2324 2326
2324 2327
2324 2328
2324 2330
2324 2331
2324 2332
2324 2333
2324 2334
2324 2338
2324 2339
2324 2342
2324 2343
2324 2346
2328 2329
2334 2335
2335 2336
2336 2337
2339 2340
2340 2341
2343 2344
2344 2345
2346 2347
2347 2348
2348 2349
2349 2350
2350 2351
2354 543
2354 2355
2354 2357
2354 2358
2354 2363
2354 2364
2354 2367
2354 2368
2354 2369
2354 2370
2354 2372
2354 2376
2354 2377
2354 2378
2354 2379
2354 2381
2354 2382
2354 2384
2354 2388
2354 2389
2354 2390
2354 2392
2354 2395
2354 2398
2354 2400
2354 2401
2354 2402
2355 2356
2358 2359
2359 2360
2360 2361
2361 2362
2364 2365
2365 2366
2371 544
2372 2373
2373 2374
2374 2375
2379 2380
2382 2383
2384 2385
2385 2386
2386 2387
2390 2391
2392 2393
2393 2394
2395 2396
2396 2397
2398 2399
2405 2406
2405 2407
2405 2408
2405 2409
2405 2414
2409 2410
2410 2411
2411 2412
2412 2413
2414 2415
2415 2416
2417 2418
2418 2419
2420 2421
2423 2424
2424 2425
2429 2430
2432 2433
2432 2435
2432 2440
2432 2445
2432 2446
2432 2447
2432 2450
2432 2451
2432 2452
2432 2453
2432 2454
2432 2456
2432 2457
2432 2458
2432 2460
2432 2461
2432 2463
2432 2470
2432 2474
2432 2475
2432 2476
2432 2478
2432 2479
2432 2480
2432 2481
2432 2484
2432 2487
2433 2434
2435 2436
2436 2437
2437 2438
2438 2439
2440 2441
2441 2442
2442 2443
2443 2444
2447 2448
2448 2449
2454 2455
2458 2459
2461 2462
2463 2464
2464 2465
2465 2466
2466 2467
2467 2468
2468 2469
2470 2471
2471 2472
2472 2473
2476 2477
2481 2482
2482 2483
2484 2485
2485 2486
2488 2489
2488 2490
2488 2492
2490 2491
2495 2496
2499 2500
2504 2505
2507 2508
2507 2509
2507 2511
2507 2513
2507 2515
2507 2516
2507 2517
2507 2518
2507 2519
2507 2521
2507 2525
2507 2527
2507 2530
2507 2531
2507 2532
2507 2536
2507 2537
2507 2538
2507 2540
2507 2541
2507 2542
2507 2545
2507 2548
2507 2549
2509 2510
2511 2512
2513 2514
2519 2520
2521 2522
2522 2523
2523 2524
2525 2526
2527 2528
2528 2529
2532 2533
2533 2534
2534 2535
2538 2539
2542 2543
2543 2544
2545 2546
2546 2547
2549 2550
2552 2553
2556 2557
2560 2561
2561 889
2564 2565
2565 2566
2566 2567
2567 2568
2568 2569
2568 2570
2571 2572
2572 2573
2573 2574
2576 2577
2577 2578
2582 2583
2586 2587
2588 2589
2590 2591
2593 2594
2598 2599
2600 2601
2603 2604
2607 2608
2610 2611
2614 2615
2619 2620
2622 2623
2623 2624
2626 2627
2628 2629
2631 2632
2632 2633
2634 2635
2638 2639
2641 2642
2642 2643
2643 2644
2645 2646
2646 2647
2649 2650
2654 2655
2658 2659
2659 2660
2663 2664
2664 2665
2665 2666
2666 2667
2667 2668
2668 2669
2674 2675
2675 2676
2677 2678
2679 2680
2680 2681
2681 2682
2682 2683
2684 2685
2685 2686
2686 2687
2688 2689
2692 2693
2694 2695
2696 2697
2698 2699
2699 2700
2703 2704
2704 2705
2705 2706
2706 2707
2707 2708
2709 2710
2714 2715
2715 2716
2717 2718
2720 2721
2725 2726
2726 2727
2732 2733
2734 2735
2737 2738
2741 2742
2743 2744
2748 2749
2748 2750
2752 2753
2757 2758
2759 2760
2761 2762
2762 2763
2769 2770
2773 2774
2776 2777
2781 2782
2782 2783
2783 2784
2788 2789
2789 2790
2790 2791
2798 2799
2800 2801
2803 2804
2804 2805
2805 2806
2807 2808
2810 2811
2811 2812
2812 2813
2813 2814
2814 2815
2820 2821
2821 2822
2822 2823
2827 2828
2828 2829
2830 2831
2831 2832
2832 2833
2834 2835
2838 2839
2839 2840
2840 2841
2842 2843
2848 2849
2849 2850
2850 2851
2853 2854
2860 2861
2864 2865
2866 2867
2870 2871
2872 2873
2876 2877
2877 2878
2878 2879
2879 2880
2884 2885
2885 2886
2886 2887
2889 2890
2891 2892
2893 2894
2895 2896
2896 2897
2897 2898
2903 2904
2906 2907
2912 2913
2913 2914
2914 2915
2915 2916
2916 2917
2917 2918
2918 2919
2919 2920
2920 2921
2921 2922
2922 2923
2923 2924
2924 2925
2926 2927
2928 2929
2930 2931
2933 2934
2933 2953
2933 2960
2933 3002
2933 3003
2933 3015
2933 3054
2933 3066
2933 3075
2933 3084
2933 3089
2933 3108
2933 3109
2933 3132
2933 3133
2933 3142
2933 3144
2933 3146
2933 3153
2933 3155
2933 3191
2933 3192
2933 3197
2933 3199
2933 3200
2933 3203
2933 3204
2933 3205
2933 3207
2933 3208
2933 3209
2933 3211
2933 3212
2933 3216
2933 3218
2933 3219
2933 3220
2933 3222
2933 3224
2933 3225
2933 3228
2933 3229
2933 3231
2933 3232
2933 3233
2933 3234
2933 3235
2933 3236
2933 3237
2933 3238
2933 3239
2933 3240
2933 3241
2933 3242
2933 3245
2933 3246
2933 3248
2933 3249
2933 3250
2933 3251
2933 3253
2933 3255
2933 3256
2933 3257
2933 3258
2933 3260
2933 3262
2933 3264
2933 3265
2933 3266
2933 3270
2933 3272
2933 3273
2933 3274
2933 3275
2933 3276
2933 3277
2933 3278
2933 3282
2933 3284
2933 3285
2933 3286
2933 3288
2933 3289
2933 3291
2933 3293
2933 3294
2933 3295
2933 3296
2933 3300
2933 3301
2933 3302
2933 3303
2933 3305
2933 3306
2933 3307
2933 3309
2933 3314
2933 3315
2933 3316
2933 3321
2933 3324
2933 3325
2934 5
2934 882
2934 2935
2934 2939
2934 2941
2934 2942
2934 2943
2934 2944
2934 2945
2934 2946
2934 2949
2935 2936
2936 2937
2937 2938
2939 2940
2946 2947
2947 2948
2951 2952
2953 671
2953 2954
2953 2957
2953 2958
2953 2959
2954 2955
2955 2956
2960 2961
2960 2962
2960 2963
2960 2964
2960 2967
2960 2968
2960 2971
2960 2973
2960 2974
2960 2977
2960 2978
2960 2980
2960 2981
2960 2982
2960 2985
2960 2986
2960 2987
2960 2989
2960 2991
2960 2992
2960 2995
2960 2996
2960 2999
2960 3001
2964 2965
2965 2966
2968 2969
2969 2970
2971 2972
2974 2975
2975 2976
2978 2979
2982 2983
2983 2984
2987 2988
2989 2990
2992 2993
2993 2994
2996 2997
2997 2998
2999 3000
3003 3004
3003 3011
3003 3013
3003 3014
3004 3005
3005 3006
3006 3007
3007 3008
3008 3009
3009 3010
3011 3012
3015 352
3015 3016
3015 3017
3015 3019
3015 3020
3015 3022
3015 3023
3015 3031
3015 3033
3015 3035
3015 3036
3015 3037
3015 3038
3015 3042
3015 3043
3015 3044
3015 3047
3015 3048
3015 3050
3017 3018
3020 3021
3023 3024
3024 3025
3025 3026
3026 3027
3027 3028
3028 3029
3029 3030
3031 3032
3033 3034
3038 3039
3039 292
3044 3045
3045 3046
3048 3049
3050 3051
3051 3052
3052 3053
3054 3055
3054 3056
3054 3057
3054 3058
3054 3059
3054 3060
3054 3064
3054 3065
3060 3061
3061 3062
3062 3063
3066 1
3066 883
3066 3067
3066 3068
3066 3071
3066 3072
3066 3073
3066 3074
3068 3069
3069 3070
3075 3076
3075 3078
3075 3079
3075 3080
3075 3081
3075 3083
3076 3077
3081 3082
3084 3085
3084 3087
3084 3088
3085 3086
3089 3090
3089 3091
3089 3095
3089 3096
3089 3097
3089 3099
3089 3100
3089 3102
3089 3105
3089 3106
3091 3092
3092 3093
3093 3094
3097 3098
3100 3101
3102 3103
3103 3104
3106 3107
3109 3110
3109 3112
3109 3113
3109 3115
3109 3118
3109 3121
3109 3122
3109 3125
3109 3127
3110 3111
3113 3114
3115 3116
3116 3117
3118 3119
3119 3120
3122 3123
3123 3124
3125 3126
3127 3128
3128 3129
3129 3130
3130 3131
3133 3134
3133 3135
3133 3138
3133 3139
3133 3140
3133 3141
3135 3136
3136 3137
3142 3143
3144 3145
3146 3147
3146 3150
3146 3151
3146 3152
3147 3148
3148 3149
3153 3154
3155 3156
3155 3160
3155 3161
3155 3163
3155 3164
3155 3165
3155 3167
3155 3170
3155 3171
3155 3175
3155 3180
3155 3184
3155 3185
3155 3189
3156 3157
3157 3158
3158 3159
3161 3162
3165 3166
3167 3168
3168 3169
3171 3172
3172 3173
3173 3174
3175 3176
3176 3177
3177 3178
3178 3179
3180 3181
3181 3182
3182 3183
3185 3186
3186 3187
3187 3188
3189 3190
3192 3193
3193 3194
3194 3195
3195 3196
3197 3198
3200 3201
3201 3202
3202 1434
3205 3206
3209 3210
3212 3213
3213 3214
3214 3215
3216 3217
3220 3221
3222 3223
3225 3226
3226 3227
3229 3230
3242 3243
3243 3244
3246 3247
3251 3252
3253 3254
3258 3259
3260 3261
3262 3263
3266 3267
3267 3268
3268 3269
3270 3271
3278 3279
3279 3280
3280 3281
3282 3283
3286 3287
3289 3290
3291 3292
3296 3297
3297 3298
3298 3299
3303 3304
3307 3308
3309 3310
3310 3311
3311 3312
3312 3313
3316 3317
3317 3318
3318 3319
3319 3320
3321 3322
3322 3323
3325 3326
3326 3327
3327 3328
