1 2 27451
1 3 1814
1 4 31599
1 7 216
1 10 23212
1 11 6834
1 12 3849
1 18 32252
1 19 20912
1 24 10141
1 35 23209
1 36 27450
1 53 9180
1 54 17569
1 55 9535
1 56 4562
1 57 23365
1 58 25111
1 59 12817
1 60 11011
1 62 763
1 64 31321
1 65 32606
1 66 13345
1 67 31443
1 69 9850
1 73 22593
1 74 18664
1 78 14442
1 81 27444
1 82 15833
1 83 30736
1 84 6502
1 85 21025
1 86 27559
1 87 17953
1 88 11007
1 90 9006
1 91 31543
1 93 21129
1 94 2751
1 95 21070
1 97 27395
1 98 21228
1 99 17541
1 100 30059
1 101 3220
1 102 22715
1 103 20944
1 104 22178
1 105 7658
1 107 5384
1 108 7738
1 109 30383
1 110 4638
1 111 3737
1 112 13635
1 113 5030
1 114 19782
1 116 32315
1 117 32080
1 118 2021
1 119 22425
1 120 17752
1 121 9204
1 122 5446
1 123 19412
1 124 13004
1 125 8045
1 126 28825
1 127 1244
1 129 2549
1 130 26994
1 131 8529
1 132 20132
1 133 9
1 134 22316
1 141 2429
1 142 7761
1 143 9133
1 144 12930
1 145 10746
1 147 5532
1 148 25283
1 154 30873
1 155 30439
1 160 21880
1 161 8835
1 162 24987
1 163 20570
1 164 25589
4 5 7629
4 6 5560
5 337 29521
5 825 10597
5 831 32189
5 843 13163
5 862 30444
5 863 18621
5 864 24705
5 866 2815
5 867 10713
5 1532 22334
5 2950 16999
5 2951 13137
7 8 25615
7 9 14164
12 13 32058
12 15 23511
12 16 8383
12 17 6846
13 14 20943
19 20 32737
19 22 29831
19 23 28655
20 21 12251
24 25 24351
24 26 13290
24 29 16052
24 30 12295
24 34 24420
26 27 24061
26 28 14360
30 31 29767
31 32 15273
32 33 8034
36 37 32133
37 38 25191
38 39 9301
38 48 378
39 40 25387
40 41 27879
41 42 13500
42 43 6615
43 44 12709
44 45 24072
45 46 25061
46 47 19952
48 49 10970
49 50 22823
50 51 18064
51 52 32537
60 61 22050
62 63 1610
67 68 28791
69 70 12978
70 71 22443
71 72 7161
74 75 4821
75 76 2718
76 77 22298
78 79 15183
79 80 16933
88 89 8695
91 92 14709
95 96 21072
105 106 7468
114 115 8703
127 128 12864
134 135 30845
135 136 1849
136 137 9050
137 138 28646
138 139 31142
139 140 22444
145 146 12155
148 149 26459
149 150 768
150 151 8885
151 152 30301
152 153 768
155 156 9847
156 157 32606
157 158 3187
158 159 14535
164 165 10309
166 167 28364
166 217 17633
166 238 19351
166 358 19140
166 360 18625
166 385 31724
166 386 15346
166 426 3200
166 441 20838
166 442 26031
166 455 11221
166 499 3217
166 500 23624
166 501 13584
166 504 14815
166 505 2344
166 570 8352
166 587 12019
166 591 6070
166 592 11367
166 597 8919
166 598 32174
166 615 24487
166 616 7030
166 617 22345
166 630 22716
166 631 28044
166 632 31699
166 633 25162
166 634 21685
166 635 16115
166 636 25321
166 637 6502
166 638 28541
166 639 7804
166 640 25573
166 652 10733
166 653 11452
166 655 7811
166 659 12229
166 660 2224
166 661 22159
166 664 9983
166 665 31665
166 666 3845
166 668 13950
166 670 6826
166 672 8591
166 674 26897
166 676 23213
166 677 22371
166 678 11986
166 680 14662
166 682 15190
166 683 5584
166 685 21906
166 686 5418
166 687 21622
166 688 27719
166 690 29666
166 691 16218
166 693 1991
166 694 30959
166 696 9566
166 698 17103
166 701 23279
166 702 30498
166 703 4867
166 704 21345
166 705 26103
166 711 17430
166 712 30020
166 713 6025
166 715 1534
166 716 5821
166 717 31833
166 720 16235
166 721 10287
166 723 28393
166 724 4827
166 725 3348
166 726 16624
166 727 32692
166 728 11918
166 729 12800
166 730 17244
166 732 6431
166 734 9086
166 735 9695
166 737 11508
166 738 21753
166 740 11597
166 745 23192
166 746 31121
166 748 2819
166 749 8907
166 750 29071
166 751 5022
166 753 20561
166 754 1991
166 756 22052
166 757 5251
166 758 1523
166 759 28965
166 760 24956
166 761 26980
166 762 15061
166 767 28465
166 768 27523
166 769 12300
166 770 25828
166 772 29235
166 773 27953
166 775 24612
166 777 13682
166 780 23876
166 781 6157
166 782 5289
166 784 3292
166 787 15199
166 789 1776
166 790 2461
166 791 20842
166 792 19131
166 793 27660
166 794 8700
166 795 11638
166 796 21080
166 797 24620
166 798 2545
166 799 30929
166 801 30168
166 802 14141
166 803 18762
166 804 20834
166 807 31633
166 808 32270
166 809 23082
166 810 10000
166 811 14560
166 812 1364
166 814 6141
166 815 16099
166 818 6336
166 819 7665
166 820 6833
167 168 29029
167 170 28827
167 171 27254
167 172 21028
167 173 10319
167 178 5984
167 179 27110
167 180 30168
167 182 24417
167 183 29397
167 187 8125
167 188 7406
167 189 11410
167 190 28463
167 191 32048
167 192 4690
167 193 4969
167 196 5344
167 197 28599
167 210 14643
167 212 10155
167 214 12464
167 215 14537
168 169 5558
173 174 17206
174 175 16911
175 176 29414
176 177 19947
180 181 21293
183 184 9129
184 185 26587
185 186 14080
193 194 85
194 195 8764
197 198 7234
198 199 17076
199 200 14015
200 201 30118
201 202 13384
201 203 24847
201 205 20648
201 206 20547
201 207 5555
201 208 10832
201 209 26781
203 204 30837
210 211 27427
212 213 25896
215 216 5859
217 218 8324
217 219 27799
217 220 15653
217 225 7701
217 226 28841
217 229 4404
217 231 15729
217 232 19215
217 233 30565
217 236 3650
217 237 25532
220 221 3083
221 222 29719
222 223 18296
223 224 24439
226 227 778
227 228 12238
229 230 5241
233 234 20803
234 235 6006
238 239 22620
238 242 32670
238 243 7849
238 245 19205
238 246 4524
238 249 25078
238 254 11787
238 256 21984
238 257 12629
238 259 139
238 260 7898
238 264 19973
238 267 22638
238 268 3815
238 269 21002
238 270 24041
238 271 24485
238 272 15063
238 276 22211
238 277 20066
238 278 18827
238 280 9583
238 284 3930
238 287 26565
238 288 12082
238 290 27982
238 291 8831
238 292 28235
238 304 23290
238 306 11812
238 307 3256
238 308 15802
238 309 1448
238 310 6513
238 314 26126
238 315 18497
238 316 27064
238 318 3215
238 319 12293
238 320 31907
238 322 8437
238 324 18418
238 326 16338
238 329 22424
238 330 70
238 331 11183
238 334 6345
238 355 9328
238 357 26059
239 240 7483
240 241 19221
243 244 12537
246 247 11560
247 248 31349
249 250 10923
250 251 30883
251 252 15905
252 253 15847
254 255 29313
257 258 2786
260 261 26984
261 262 14409
262 263 10234
264 265 12500
265 266 1970
272 273 839
273 274 21157
274 275 5668
278 279 3856
280 281 4485
281 282 23592
282 283 31022
284 285 4733
285 286 32735
288 289 11383
292 293 9827
292 295 24499
292 298 3061
292 300 22090
292 303 17135
292 1670 12100
292 1677 21479
292 1678 26573
292 1680 10906
292 1681 6885
292 3040 17245
292 3041 13209
293 294 25836
295 296 19981
296 297 20939
298 299 9699
300 301 30101
301 302 9407
304 305 30195
310 311 31219
311 312 3084
312 313 11427
316 317 29355
320 321 25560
322 323 22133
324 325 15452
326 327 24800
327 328 603
331 332 31688
332 333 5398
334 335 6875
335 336 11569
336 5 304
337 338 16990
338 339 27843
339 340 29557
340 341 7857
340 347 11319
340 350 11875
340 354 24149
341 342 18190
341 345 3946
341 346 10798
341 1210 19467
341 1212 26346
342 343 20509
342 344 30080
347 348 30479
348 349 7981
350 351 23207
351 882 7719
352 351 32138
352 353 32425
355 356 1699
355 1340 20770
355 1343 32014
355 1344 32510
355 1348 12355
358 359 24232
360 361 5765
360 363 18618
360 366 31720
360 383 16237
360 384 28264
361 362 709
363 364 30703
364 365 32544
366 367 32050
366 370 12541
366 375 4301
366 376 12344
366 378 17427
366 381 26141
367 368 2910
368 369 19696
370 371 14824
371 372 19683
372 373 31098
373 374 10640
376 377 1131
378 379 19570
379 380 23754
381 382 23535
385 1388 20903
385 1389 19445
386 387 27609
386 388 15414
386 389 26032
386 391 22917
386 392 11630
386 395 25318
386 396 12432
386 402 14413
386 403 24090
386 404 18461
386 405 132
386 407 6635
386 408 21517
386 409 26645
386 411 9321
386 412 1818
386 416 21805
386 418 4333
386 419 4721
386 421 15246
386 422 4970
386 425 15788
389 390 26394
392 393 31008
393 394 17227
396 397 8835
397 398 20577
397 400 5675
398 399 205
400 401 20050
405 406 14642
409 410 19254
412 413 30318
413 414 1390
414 415 18724
416 417 979
419 420 31365
422 423 14754
423 424 3171
426 427 14022
426 428 5844
426 429 17267
426 430 22509
426 431 2410
426 432 11872
426 433 16552
426 434 15874
426 437 16977
426 438 13697
426 439 15370
426 440 9941
434 435 20267
435 436 12341
442 443 617
442 444 24968
442 445 25065
442 448 27321
442 453 18655
445 446 16727
446 447 26914
448 449 8283
449 450 2137
450 451 6932
451 452 26549
453 454 1162
455 456 12882
455 458 14035
455 459 28592
455 460 25135
455 462 8930
455 466 2534
455 467 17520
455 468 17728
455 470 29688
455 471 19724
455 473 26634
455 474 25233
455 475 5603
455 476 17125
455 477 6122
455 480 12782
455 482 20760
455 483 17065
455 484 31930
455 486 28264
455 489 5423
455 490 23322
455 491 4486
455 493 28908
455 495 14638
455 497 8631
455 498 1565
456 457 6426
460 461 4362
462 463 563
463 464 8378
464 465 14419
468 469 31851
471 472 8741
477 478 25315
478 479 13076
480 481 21168
484 485 11521
486 487 30098
487 488 19587
491 492 20531
493 494 7239
495 496 8339
501 502 20552
502 503 26830
505 506 20474
505 507 20781
505 508 3742
505 509 9118
505 510 2900
505 513 29700
505 514 24234
505 515 25606
505 516 10680
505 517 9790
505 521 6923
505 524 17399
505 531 8168
505 532 485
505 535 19634
505 537 25455
505 538 7544
505 539 2444
505 543 30708
505 545 20800
505 549 25219
505 553 30518
505 554 16349
505 555 28947
505 556 7580
505 558 29299
505 560 21448
505 562 684
505 566 26119
505 567 29132
505 568 23340
505 569 11888
510 511 9770
511 512 19297
517 518 21433
518 519 15140
519 520 2622
521 522 14545
522 523 5540
524 525 20727
525 526 18250
526 527 21082
527 528 29247
528 529 28099
529 530 20050
532 533 17730
533 534 8396
534 532 28304
535 536 16331
539 540 18805
540 541 28051
541 542 21082
543 544 13139
543 2371 6767
545 546 24370
546 547 6676
547 548 10143
549 550 30556
550 551 17973
551 552 27116
556 557 11957
558 559 28286
560 561 27366
562 563 20433
563 564 10843
564 565 30672
570 571 19814
570 572 21298
570 573 11471
570 574 8937
570 575 11261
570 578 12809
570 579 20920
570 581 23586
570 582 17327
570 583 28441
570 584 9053
570 586 3323
575 576 32528
576 577 5491
579 580 24597
584 585 7099
587 588 1881
588 589 21823
589 590 13310
592 593 3671
592 594 27578
592 595 23993
592 596 15090
598 599 21653
598 601 21234
598 603 6266
598 613 24247
598 614 32113
599 600 27422
601 602 10745
603 604 25974
604 605 23488
605 606 3022
606 607 23377
607 608 17519
608 609 24083
609 610 15966
610 611 20805
611 612 2794
617 618 7646
617 621 8324
617 623 13441
617 624 31089
617 628 27098
618 619 21797
619 620 12066
621 622 6460
624 625 20391
625 626 30573
626 627 25465
628 629 26605
640 641 26806
641 642 17438
642 643 16396
643 644 27518
644 645 28262
645 646 27944
646 647 21726
647 648 17015
648 649 22893
649 650 19323
650 651 3569
653 654 1124
655 656 4218
656 657 25369
657 658 30472
661 662 1670
662 663 27161
666 667 28015
668 669 27825
670 671 22729
672 673 1494
674 675 24037
678 679 24195
680 681 3830
683 684 16549
684 929 5300
684 930 1701
687 2134 10794
688 689 18561
691 692 13303
694 695 14992
696 697 13959
698 699 4948
699 700 19206
705 706 14613
706 707 28969
707 708 15639
708 709 19455
709 710 6561
713 714 2651
717 718 4410
718 719 32677
721 722 16576
730 731 22539
732 733 17222
735 736 27502
738 739 32224
740 741 3196
741 742 6849
742 743 24023
743 744 13912
746 747 17723
751 752 5714
754 1555 5371
755 754 16808
762 763 1620
763 764 18981
764 765 13156
765 766 23298
770 771 30149
773 774 32145
775 776 30497
777 778 19466
778 779 27443
782 783 19448
784 785 26392
785 786 13531
787 788 10204
799 800 19695
804 805 27294
805 806 5450
812 813 19149
815 816 1951
816 817 32581
820 821 31598
822 341 21845
822 355 13675
822 385 245
822 823 31584
822 886 21433
822 890 6100
822 915 14399
822 917 21567
822 920 32297
822 993 26009
822 994 8941
822 1006 26231
822 1007 26099
822 1008 4898
822 1010 10974
822 1037 24387
822 1071 759
822 1072 31262
822 1158 16145
822 1161 15729
822 1207 13659
822 1213 9324
822 1214 767
822 1222 4966
822 1224 3968
822 1227 15927
822 1256 2094
822 1276 10849
822 1277 31796
822 1281 29542
822 1282 17923
822 1285 27396
822 1286 5417
822 1288 15411
822 1300 17368
822 1302 12048
822 1304 15781
822 1317 23833
822 1319 10574
822 1320 24688
822 1334 21884
822 1337 7668
822 1339 10468
822 1351 2425
822 1353 6204
822 1354 31844
822 1357 30921
822 1360 14960
822 1367 31911
822 1369 23922
822 1370 19951
822 1371 26700
822 1373 10342
822 1378 630
822 1379 3425
822 1380 10430
822 1381 19451
822 1382 17720
822 1383 10198
822 1384 28527
822 1385 31480
822 1386 24405
822 1387 21382
822 1390 12425
822 1391 21614
822 1392 16612
822 1393 6204
822 1394 3192
822 1396 4009
822 1398 14938
822 1399 25005
822 1400 26866
822 1404 16666
822 1405 32171
822 1406 3080
822 1411 6964
822 1413 27541
822 1415 15026
822 1417 7886
822 1422 1935
822 1423 12733
822 1424 23251
822 1425 10724
822 1426 23076
822 1427 15292
822 1431 8159
822 1432 30951
822 1433 15596
822 1435 9527
822 1436 10807
822 1437 4287
822 1439 12027
822 1440 1920
822 1441 10805
822 1443 11127
822 1444 24837
822 1445 29710
822 1446 16583
822 1447 9803
822 1450 15137
822 1453 29483
822 1456 21341
822 1457 5635
822 1458 28621
822 1459 23277
822 1461 22278
822 1463 30080
822 1468 16434
822 1469 4711
822 1472 22229
822 1473 8853
822 1475 21930
823 5 5408
823 338 14730
823 824 7448
823 870 21632
823 871 19141
823 874 2670
823 875 15416
823 879 3063
823 880 1818
823 882 18815
823 884 19984
823 885 26509
825 826 17974
825 829 1741
826 827 21885
826 828 1408
829 830 30960
831 832 19748
832 833 23085
833 834 5778
834 835 30101
835 836 8171
836 837 32505
836 840 27401
837 838 24796
838 839 4172
840 841 21109
841 842 20731
843 844 8987
844 845 11670
844 854 3525
844 861 10184
845 846 15802
846 847 21727
846 848 13746
846 849 19688
846 850 5352
846 851 9197
846 852 20989
846 853 17895
854 855 398
855 856 4951
856 857 12018
857 858 19373
858 859 16257
859 860 31719
864 865 23873
867 868 6915
868 869 3068
871 872 2883
872 873 25610
875 876 11859
876 877 2125
877 878 27596
880 881 22839
882 883 17583
882 1526 13518
882 1528 9159
882 1531 21518
882 1533 23061
886 887 6167
887 888 28603
888 889 28166
890 891 29938
890 905 26226
890 906 7193
890 907 17882
890 908 27876
890 912 15760
890 914 8738
891 892 14557
891 893 3780
891 894 18554
891 896 3078
891 897 18061
891 899 16868
891 900 24521
891 901 25673
891 904 21098
894 895 4757
897 898 31258
901 902 13419
902 903 14345
908 909 17901
909 910 189
910 911 22216
912 913 25956
915 916 23239
917 918 23725
918 919 8125
920 921 28532
921 922 7178
921 935 20421
921 954 8716
921 979 21762
921 980 10287
921 989 28208
921 990 4738
921 992 25530
922 923 4605
923 924 19490
924 925 3799
924 927 29569
925 926 32407
927 928 13253
928 684 19413
928 934 27656
930 931 25785
931 932 30583
932 933 28348
935 936 18593
935 951 20799
936 937 13362
936 946 5606
936 949 3666
936 950 21735
937 938 6219
938 939 21671
939 940 26664
940 941 32599
940 942 608
940 943 9847
940 944 24014
944 945 2914
946 947 3212
947 948 7507
951 952 22622
952 953 8327
954 955 22492
954 962 20320
954 976 26999
955 956 19898
956 957 11271
957 958 18386
958 959 2192
959 960 8552
960 961 16217
962 963 32524
962 975 14988
963 964 693
963 969 15089
963 973 7688
964 965 22414
965 966 12296
966 967 20268
967 968 4346
969 970 25358
970 971 1737
970 972 27745
973 974 11568
976 977 10797
976 978 30825
980 981 29647
981 982 28221
981 988 7237
982 983 20643
983 984 29907
984 985 3670
985 986 4549
986 987 12546
990 991 19039
994 995 32252
994 996 30012
994 1004 26020
994 1005 11431
996 997 32476
996 1002 691
996 1003 30525
997 998 2845
997 1000 26099
997 1001 4416
998 999 7774
1008 1009 17056
1010 1011 18677
1010 1012 6872
1010 1020 31736
1010 1027 1008
1010 1029 6896
1010 1031 30309
1010 1034 15132
1010 1035 32358
1012 1013 31788
1013 1014 30744
1013 1019 4
1014 1015 8930
1015 1016 16727
1016 1017 27649
1017 1018 18519
1020 1021 4868
1020 1024 30174
1020 1025 7901
1021 1022 8361
1022 1023 4255
1025 1026 23966
1026 343 26927
1027 1028 21313
1029 1030 362
1031 1032 14780
1032 1033 28818
1035 1036 29728
1037 1038 23289
1037 1061 21713
1037 1064 4941
1038 1039 28223
1038 1042 2796
1038 1052 6731
1038 1059 12840
1038 1060 30231
1039 1040 12135
1040 1041 15632
1042 1043 19582
1042 1044 1382
1042 1051 13250
1044 1045 12644
1045 1046 8852
1046 1047 17457
1047 1048 9601
1048 1049 32268
1049 1050 21033
1052 1053 773
1053 1054 21894
1053 1055 10419
1055 1056 8526
1056 1057 10883
1057 1058 6533
1061 1062 16782
1062 1063 27512
1064 1065 17436
1064 1070 16825
1065 1066 21052
1065 1068 25812
1066 1067 24
1068 1069 5845
1072 1073 13296
1072 1111 10202
1073 1074 23773
1073 1082 29758
1073 1084 4305
1073 1090 16677
1073 1106 21358
1073 1108 21111
1073 1110 5281
1074 1075 11650
1075 1076 11570
1076 1077 21980
1077 1078 4253
1078 1079 32327
1079 1080 26359
1079 1081 13716
1082 1083 5797
1084 1085 6118
1085 1086 17718
1086 1087 3777
1086 1089 20381
1087 1088 16065
1090 1091 32152
1091 1092 30713
1091 1097 4371
1091 1098 26176
1091 1100 6586
1091 1101 26874
1092 1093 30242
1093 1094 30241
1093 1095 30509
1095 1096 19097
1098 1099 32662
1101 1102 31248
1102 1103 2242
1103 1104 17148
1104 1105 32592
1106 1107 28536
1108 1109 15620
1111 1112 4617
1111 1139 21229
1112 1113 9624
1112 1138 11781
1113 1114 4638
1114 1115 12706
1115 1116 25561
1115 1120 32350
1115 1127 12547
1115 1130 4458
1115 1131 19039
1115 1132 1905
1115 1133 29981
1115 1134 26468
1115 1135 8414
1115 1137 15601
1116 1117 25316
1116 1118 18294
1116 1119 1967
1118 1936 27045
1120 1121 22167
1120 1122 10039
1122 1123 16163
1123 1124 10600
1124 1125 9774
1125 1126 18444
1127 1128 30999
1128 1129 17525
1135 1136 8080
1139 1140 3217
1139 1154 26824
1139 1155 20449
1139 1156 14086
1140 1141 15674
1140 1151 1257
1140 1153 14185
1141 1142 31215
1141 1147 58
1141 1148 12275
1141 1149 5230
1142 1143 6582
1142 1144 2211
1144 1145 15037
1144 1146 30270
1149 1150 8962
1151 1152 16591
1156 1157 30028
1158 1159 32661
1159 1160 13612
1161 1162 29696
1162 1163 16876
1162 1164 32100
1162 1167 19958
1162 1168 15171
1162 1171 24191
1162 1177 23248
1162 1203 32122
1162 1204 12698
1162 1205 22550
1162 1206 5758
1164 1165 5728
1165 1166 13145
1168 1169 23742
1169 1170 7438
1171 1172 11860
1171 1175 11473
1171 1176 24477
1172 1173 11493
1173 1174 695
1177 1178 15404
1178 1179 17213
1179 1180 10032
1179 1187 5525
1179 1202 10904
1180 1181 32295
1181 1182 29221
1182 1183 5848
1183 1184 168
1184 1185 28084
1185 1186 20620
1187 1188 28091
1188 1189 14838
1188 1193 19232
1189 1190 21119
1190 1191 30337
1191 1192 23566
1193 1194 30432
1193 1200 17262
1194 1195 18534
1194 1198 29831
1195 1196 3637
1195 1197 14694
1198 1199 6102
1200 1201 17011
1207 1208 32514
1208 1209 10642
1210 1211 2269
1214 1215 3834
1215 1216 3547
1216 1217 9730
1216 1220 1503
1216 1221 31041
1217 1218 606
1218 1219 10411
1222 1223 28297
1224 1225 14737
1225 1226 28102
1227 1228 4015
1227 1229 13063
1227 1231 8117
1227 1248 16317
1227 1251 11999
1227 1252 12151
1227 1255 20643
1229 1230 7538
1231 1232 6782
1231 1246 23454
1232 1233 1887
1233 1234 12012
1234 1235 3912
1235 1236 8922
1236 1237 23837
1236 1239 22174
1237 1238 7091
1239 1240 30808
1240 1241 23718
1241 1242 1851
1242 1243 28277
1243 1244 31623
1244 1245 25852
1246 1247 11211
1248 1249 28230
1249 1250 16589
1252 1253 8001
1252 1254 22015
1256 1257 32487
1257 1258 4728
1258 1259 3029
1259 1260 9921
1259 1261 5987
1261 1262 15863
1261 1269 27327
1261 1272 9488
1262 1263 3477
1263 1264 16714
1263 1268 846
1264 1265 30475
1264 1267 15082
1265 1266 27831
1269 1270 3839
1270 1271 12619
1272 1273 24169
1272 1275 19647
1273 1274 19362
1277 1278 12406
1277 1279 24560
1279 1280 28752
1282 1283 30905
1283 1284 12561
1286 1287 22720
1288 1289 24380
1288 1291 17441
1288 1295 6550
1288 1296 1339
1288 1298 21738
1288 1299 27124
1289 1290 10951
1291 1292 1005
1292 1293 4940
1293 1294 2989
1296 1297 2625
1300 1301 1482
1302 1303 25104
1304 1305 653
1304 1315 23380
1304 1316 21430
1305 1306 3611
1306 1307 12606
1306 1312 23058
1307 1308 19787
1307 1309 32051
1309 1310 6327
1310 1311 11430
1312 1313 17622
1313 1314 10747
1317 1318 13407
1320 1321 24296
1320 1332 23714
1321 1322 7205
1322 1323 24949
1323 1324 15406
1323 1330 18810
1324 1325 12515
1324 1326 21935
1324 1327 31588
1327 1328 7785
1328 1329 18334
1330 1331 26913
1332 1333 29023
1334 1335 1476
1335 1336 9963
1337 1338 14177
1340 1341 15726
1341 1342 2922
1344 1345 11707
1345 1346 23529
1346 1347 9266
1348 1349 23627
1349 1350 9425
1351 1352 19900
1354 1355 3248
1355 1356 7975
1357 1358 17530
1357 1359 7757
1360 1361 21413
1361 1362 19096
1361 1366 17016
1362 1363 8092
1363 1364 26905
1364 1365 7251
1367 1368 31807
1371 1372 13730
1373 1374 27703
1374 1375 5547
1375 1376 4452
1376 1377 22255
1394 1395 14684
1396 1397 8535
1400 1401 594
1401 1402 146
1402 1403 7790
1406 1407 18036
1407 1408 10047
1407 1409 8505
1409 1410 10607
1411 1412 3278
1413 1414 4958
1415 1416 16281
1417 1418 17746
1418 1419 30299
1419 1420 14422
1420 1421 24592
1427 1428 6413
1428 1429 12808
1429 1430 24052
1433 1434 28041
1437 1438 23791
1441 1442 27576
1447 1448 16924
1448 1449 10657
1450 1451 6708
1451 1452 23946
1453 1454 29958
1454 1455 26632
1459 1460 2263
1461 1462 1627
1463 1464 17831
1464 1465 6441
1465 1466 32679
1466 1467 10637
1469 1470 21100
1470 1471 26637
1473 1474 10909
1475 1476 31750
1477 319 4654
1477 338 28540
1477 1478 31597
1477 1578 8827
1477 1579 26979
1477 1784 19046
1477 1830 2139
1477 1855 25838
1477 1897 8081
1477 2004 898
1477 2005 19792
1477 2126 15221
1477 2189 18697
1477 2190 10293
1477 2191 813
1477 2232 6206
1477 2233 30929
1477 2275 693
1477 2276 351
1477 2322 4816
1477 2324 20194
1477 2352 16238
1477 2353 23988
1477 2354 22675
1477 2403 13971
1477 2404 421
1477 2405 15980
1477 2417 1683
1477 2420 26966
1477 2422 11099
1477 2423 4756
1477 2426 20609
1477 2427 2466
1477 2428 23668
1477 2429 9359
1477 2431 6395
1477 2432 27184
1477 2488 27928
1477 2493 15094
1477 2494 24332
1477 2495 21866
1477 2497 26458
1477 2498 15266
1477 2499 9463
1477 2501 26913
1477 2502 17431
1477 2503 1286
1477 2504 13360
1477 2506 23166
1477 2507 28449
1477 2551 29122
1477 2552 25260
1477 2554 13883
1477 2555 22173
1477 2556 14966
1477 2558 15706
1477 2559 28946
1477 2560 2474
1477 2562 10708
1477 2563 15346
1477 2564 23670
1477 2571 10820
1477 2575 22266
1477 2576 25069
1477 2579 21378
1477 2580 13927
1477 2581 23038
1477 2582 28884
1477 2584 13359
1477 2585 27767
1477 2586 11978
1477 2588 4030
1477 2590 30921
1477 2592 20191
1477 2593 14890
1477 2595 3093
1477 2596 1444
1477 2597 2809
1477 2598 9507
1477 2600 6040
1477 2602 32523
1477 2603 18222
1477 2605 647
1477 2606 10150
1477 2607 15225
1477 2609 7262
1477 2610 29382
1477 2612 22969
1477 2613 9740
1477 2614 16001
1477 2616 14855
1477 2617 305
1477 2618 9526
1477 2619 6287
1477 2621 31863
1477 2622 16979
1477 2625 22966
1477 2626 24478
1477 2628 5345
1477 2630 24209
1477 2631 18886
1477 2634 24906
1477 2636 14720
1477 2637 5643
1477 2638 19606
1477 2640 4442
1477 2641 25361
1477 2645 16983
1477 2648 18938
1477 2649 6817
1477 2651 10795
1477 2652 3709
1477 2653 8799
1477 2654 30497
1477 2656 3795
1477 2657 28742
1477 2658 21252
1477 2661 21367
1477 2662 24140
1477 2663 18103
1477 2670 10855
1477 2671 16755
1477 2672 11052
1477 2673 16856
1477 2674 8445
1477 2677 32262
1477 2679 2997
1477 2684 30650
1477 2688 10789
1477 2690 20065
1477 2691 4705
1477 2692 19127
1477 2694 4447
1477 2696 14427
1477 2698 13503
1477 2701 1276
1477 2702 14265
1477 2703 6675
1477 2709 5246
1477 2711 19781
1477 2712 17803
1477 2713 25815
1477 2714 24263
1477 2717 22760
1477 2719 9316
1477 2720 32581
1477 2722 13777
1477 2723 32533
1477 2724 21828
1477 2725 4784
1477 2728 22703
1477 2729 4444
1477 2730 30476
1477 2731 18374
1477 2732 32108
1477 2734 7535
1477 2736 4402
1477 2737 13935
1477 2739 4441
1477 2740 31786
1477 2741 30393
1477 2743 3320
1477 2745 21414
1477 2746 20944
1477 2747 21857
1477 2748 12912
1477 2751 32304
1477 2752 25496
1477 2754 17691
1477 2755 26706
1477 2756 28826
1477 2757 26216
1477 2759 27583
1477 2761 12133
1477 2764 4511
1477 2765 10976
1477 2766 2305
1477 2767 29665
1477 2768 23206
1477 2769 19098
1477 2771 32418
1477 2772 17619
1477 2773 16791
1477 2775 15024
1477 2776 10467
1477 2778 6850
1477 2779 29934
1477 2780 26495
1477 2781 6975
1477 2785 29075
1477 2786 7694
1477 2787 15787
1477 2788 5465
1477 2792 14762
1477 2793 7639
1477 2794 17508
1477 2795 17460
1477 2796 25682
1477 2797 30586
1477 2798 11495
1477 2800 9122
1477 2802 3935
1477 2803 23948
1477 2807 31559
1477 2809 5119
1477 2810 5138
1477 2816 5466
1477 2817 11373
1477 2818 30750
1477 2819 32060
1477 2820 9341
1477 2824 32093
1477 2825 28548
1477 2826 10406
1477 2827 31918
1477 2830 14268
1477 2834 212
1477 2836 6065
1477 2837 6619
1477 2838 10127
1477 2842 18571
1477 2844 13114
1477 2845 18042
1477 2846 7750
1477 2847 32749
1477 2848 1728
1477 2852 31261
1477 2853 9977
1477 2855 28736
1477 2856 14025
1477 2857 1606
1477 2858 20465
1477 2859 9783
1477 2860 13953
1477 2862 1405
1477 2863 11626
1477 2864 31153
1477 2866 165
1477 2868 16545
1477 2869 31127
1477 2870 15780
1477 2872 22431
1477 2874 32380
1477 2875 30183
1477 2876 11347
1477 2881 20723
1477 2882 29081
1477 2883 29063
1477 2884 25544
1477 2888 12249
1477 2889 14426
1477 2891 6440
1477 2893 1662
1477 2895 21291
1477 2899 9029
1477 2900 29698
1477 2901 21598
1477 2902 14978
1477 2903 13727
1477 2905 12825
1477 2906 20460
1477 2908 26269
1477 2909 5180
1477 2910 12223
1477 2911 17347
1477 2912 6402
1477 2926 22165
1477 2928 21082
1477 2930 15423
1477 2932 14055
1478 755 28187
1478 1479 8807
1478 1480 18809
1478 1481 21330
1478 1483 6091
1478 1484 18111
1478 1486 7544
1478 1488 9344
1478 1489 3075
1478 1492 17689
1478 1493 23205
1478 1495 26756
1478 1497 24724
1478 1498 11217
1478 1499 9856
1478 1502 32048
1478 1513 20760
1478 1514 2280
1478 1516 21650
1478 1519 12088
1478 1523 24966
1478 1534 21067
1478 1539 15778
1478 1540 1173
1478 1542 3843
1478 1543 9048
1478 1544 5932
1478 1546 1576
1478 1548 763
1478 1552 29598
1478 1556 24335
1478 1561 19616
1478 1562 31857
1478 1565 10980
1478 1567 12166
1478 1568 21661
1478 1570 25491
1478 1571 13933
1478 1572 3929
1478 1573 24085
1478 1574 15250
1478 1575 891
1478 1576 4693
1478 1577 23288
1481 1482 26288
1484 1485 786
1486 1487 24057
1489 1490 12559
1490 1491 28827
1493 1494 6910
1495 1496 26226
1499 1500 21290
1500 1501 21241
1502 1503 10264
1503 1504 30666
1504 1505 30074
1505 1506 26692
1506 1507 30148
1507 1508 24412
1508 1509 24892
1509 1510 216
1510 1511 20158
1511 1512 18827
1514 1515 11159
1516 1517 20042
1517 1518 2839
1519 1520 10163
1520 1521 21448
1521 1522 6396
1523 1524 16250
1524 1525 12896
1525 352 3196
1526 1527 29678
1528 1529 29108
1529 1530 23486
1531 5 13437
1534 1535 25303
1535 1536 30323
1536 1537 18001
1537 1538 17041
1540 1541 9845
1544 1545 23630
1546 1547 5094
1548 1549 10400
1548 1551 8993
1549 1550 2054
1552 1553 8394
1553 1554 29204
1556 1557 5542
1557 1558 26124
1558 1559 32569
1559 1560 8581
1562 1563 2643
1563 1564 21827
1565 1566 18201
1568 1569 4502
1579 292 19023
1579 1143 12038
1579 1580 3561
1579 1581 23834
1579 1582 13101
1579 1583 4205
1579 1587 6900
1579 1588 4732
1579 1589 11456
1579 1592 18636
1579 1596 11210
1579 1597 13917
1579 1598 12593
1579 1599 4477
1579 1607 23792
1579 1609 22910
1579 1612 6990
1579 1613 29408
1579 1614 2775
1579 1615 17889
1579 1616 12069
1579 1618 31391
1579 1621 16139
1579 1622 1835
1579 1623 4306
1579 1626 10039
1579 1627 32173
1579 1628 21069
1579 1629 7573
1579 1632 11444
1579 1635 1827
1579 1637 4195
1579 1639 23336
1579 1640 30395
1579 1647 25102
1579 1648 4316
1579 1650 29007
1579 1651 3022
1579 1654 16764
1579 1656 9948
1579 1657 25008
1579 1658 13772
1579 1660 7008
1579 1665 13790
1579 1666 29157
1579 1682 5047
1579 1684 831
1579 1686 29086
1579 1687 31696
1579 1688 30906
1579 1689 7467
1579 1690 21814
1579 1691 6190
1579 1694 15467
1579 1696 15605
1579 1698 5511
1579 1699 22383
1579 1702 24653
1579 1703 1439
1579 1704 4826
1579 1705 31942
1579 1707 11929
1579 1709 7440
1579 1710 3527
1579 1712 28540
1579 1717 13886
1579 1718 18443
1579 1719 9047
1579 1722 22153
1579 1724 18470
1579 1725 610
1579 1727 21605
1579 1728 4709
1579 1731 22971
1579 1732 26471
1579 1733 7242
1579 1734 2332
1579 1735 28842
1579 1736 32420
1579 1740 23225
1579 1741 30881
1579 1742 31718
1579 1743 16588
1579 1744 5351
1579 1746 17252
1579 1747 15857
1579 1748 26865
1579 1749 20975
1579 1750 27430
1579 1753 11351
1579 1754 26102
1579 1755 5750
1579 1756 11788
1579 1758 26747
1579 1759 72
1579 1760 17290
1579 1761 31219
1579 1764 13717
1579 1768 1993
1579 1769 23760
1579 1770 10756
1579 1773 4092
1579 1776 7693
1579 1777 31199
1579 1779 17032
1579 1782 18849
1583 1584 28873
1584 1585 26343
1585 1586 7933
1589 1590 20444
1590 1591 30856
1592 1593 14486
1593 1594 18025
1594 1595 32364
1599 1600 4000
1600 1601 22332
1601 1602 23022
1601 1606 9145
1602 1603 30053
1603 1604 17709
1604 1605 20895
1607 1608 6747
1609 1610 4508
1610 1611 9319
1616 1617 31634
1618 1619 7136
1619 1620 3123
1623 1624 16244
1624 1625 28982
1629 1630 12490
1630 1631 3375
1632 1633 6546
1633 1634 30439
1635 1636 25048
1637 1638 14565
1640 1641 18962
1641 1642 31168
1642 1643 3719
1643 1644 15469
1644 1645 9982
1645 1646 8113
1648 1649 3287
1651 1652 32340
1652 1653 766
1654 1655 7633
1658 1659 30290
1660 1661 18321
1661 1662 636
1662 1663 18677
1663 1664 17995
1666 1667 30906
1667 1668 19463
1668 1669 5249
1670 1671 11620
1671 1672 8056
1672 1673 6133
1673 1674 29566
1674 1675 15955
1675 1676 57
1678 1679 25421
1682 1683 20461
1684 1685 22501
1691 1692 26660
1692 1693 18916
1694 1695 3163
1696 1697 28738
1699 1700 23378
1700 1701 19397
1705 1706 17334
1707 1708 9588
1710 1711 29499
1712 1713 470
1713 1714 15199
1714 1715 14115
1715 1716 366
1719 1720 1465
1720 1721 15232
1722 1723 19874
1725 1726 19078
1728 1729 4337
1729 1730 16800
1736 1737 12848
1737 1738 27993
1738 1739 5958
1744 1745 16757
1750 1751 23671
1751 1752 19058
1756 1757 24682
1761 1762 26617
1762 1763 31065
1764 1765 32706
1765 1766 25820
1766 1767 5312
1770 1771 20204
1771 1772 19602
1773 1774 29197
1774 1775 32136
1777 1778 8643
1779 1780 29116
1780 1781 22978
1782 1783 12306
1784 1785 32624
1784 1786 25115
1784 1788 12473
1784 1789 26160
1784 1792 4678
1784 1793 22336
1784 1795 24719
1784 1798 24608
1784 1799 25188
1784 1801 7782
1784 1802 4321
1784 1803 14616
1784 1805 10223
1784 1807 12712
1784 1815 11186
1784 1816 27170
1784 1818 4766
1784 1820 29042
1784 1822 268
1784 1823 28458
1784 1824 10876
1784 1825 4662
1784 1829 19946
1786 1787 16981
1789 1790 11753
1790 1791 4704
1793 1794 10838
1795 1796 8597
1796 1797 4322
1799 1800 19595
1803 1804 8911
1805 1806 21115
1807 1808 387
1808 1809 31221
1809 1810 237
1810 1811 22604
1811 1812 5578
1812 1813 14640
1813 1814 1864
1816 1817 20566
1818 1819 1694
1820 1821 27931
1825 1826 9365
1826 1827 26756
1827 1828 7184
1830 534 2065
1830 1831 25106
1830 1832 9265
1830 1835 12000
1830 1836 5984
1830 1837 4389
1830 1840 25402
1830 1841 25411
1830 1842 8957
1830 1844 31807
1830 1845 24407
1830 1846 227
1830 1847 13686
1830 1851 7943
1830 1852 5035
1830 1854 3112
1832 1833 8231
1833 1834 10677
1837 1838 17049
1838 1839 1206
1842 1843 20401
1847 1848 21435
1848 1849 3546
1849 1850 27959
1852 1853 17576
1855 1856 16811
1855 1857 21708
1855 1858 90
1855 1860 1164
1855 1861 597
1855 1864 19725
1855 1865 14107
1855 1867 5883
1855 1874 26415
1855 1877 2377
1855 1878 1094
1855 1879 25380
1855 1883 15355
1855 1884 25168
1855 1885 26934
1855 1890 383
1855 1892 8611
1855 1893 30316
1855 1894 18403
1855 1895 21948
1855 1896 4200
1858 1859 13041
1861 1862 5660
1862 1863 1273
1865 1866 17723
1867 1868 7189
1868 1869 22032
1869 1870 7223
1870 1871 7787
1871 1872 18178
1872 1873 30739
1874 1875 31503
1875 1876 11137
1879 1880 14890
1880 1881 2463
1881 1882 22177
1885 1886 29801
1886 1887 10203
1887 1888 21913
1888 1889 26830
1890 1891 15314
1897 1898 14099
1897 1899 22998
1897 1907 8103
1897 1910 16598
1897 1911 20117
1897 1912 13790
1897 1914 24868
1897 1915 17374
1897 1916 5692
1897 1917 30448
1897 1918 14106
1897 1922 21184
1897 1923 8848
1897 1927 25926
1897 1930 30567
1897 1931 8235
1897 1933 32407
1897 1934 13977
1897 1939 15471
1897 1940 27205
1897 1942 2030
1897 1944 18920
1897 1945 16845
1897 1946 13458
1897 1949 20759
1897 1955 20598
1897 1963 31042
1897 1964 22808
1897 1965 32277
1897 1969 2066
1897 1971 27633
1897 1973 13505
1897 1974 20278
1897 1975 27290
1897 1977 15311
1897 1978 29440
1897 1981 20017
1897 1986 30402
1897 1987 22869
1897 1990 15543
1897 1991 20848
1897 1992 30226
1897 1993 16760
1897 1994 20057
1897 1995 18863
1897 1996 25646
1897 1997 22490
1897 1998 14668
1897 1999 3526
1897 2000 23386
1897 2001 12610
1897 2003 21649
1899 1900 6339
1900 1901 10813
1901 1902 25162
1902 1903 8358
1903 1904 28220
1904 1905 30437
1905 1906 9815
1907 1908 8875
1908 1909 6372
1912 1913 4876
1918 1919 29390
1919 1920 31429
1920 1921 30555
1923 1924 26010
1924 1925 19077
1925 1926 14784
1927 1928 19275
1928 1929 3435
1931 1932 25976
1934 1935 14840
1935 1118 16048
1936 1937 8529
1937 1938 190
1940 1941 32633
1942 1943 21367
1946 1947 12637
1947 1948 27323
1949 1950 25445
1950 1951 29003
1951 1952 27994
1952 1953 8086
1953 1954 3734
1955 1956 1452
1956 1957 5275
1957 1958 2541
1958 1959 1925
1959 1960 27201
1960 1961 4855
1961 1962 15304
1965 1966 22378
1966 1967 1391
1967 1968 28433
1969 1970 13260
1971 1972 2725
1975 1976 22826
1978 1979 28125
1979 1980 690
1981 1982 4189
1982 1983 29707
1983 1984 3935
1984 1985 25847
1987 1988 15719
1988 1989 30883
2001 2002 18614
2005 2006 9428
2005 2007 30313
2005 2015 12048
2005 2016 8026
2005 2018 22640
2005 2019 17727
2005 2025 21709
2005 2027 2466
2005 2028 20565
2005 2029 23965
2005 2032 7887
2005 2036 14473
2005 2037 18976
2005 2038 21750
2005 2040 8653
2005 2042 11953
2005 2044 15229
2005 2045 4509
2005 2047 5343
2005 2048 18600
2005 2051 18771
2005 2052 13611
2005 2053 8778
2005 2056 6763
2005 2058 16188
2005 2060 1568
2005 2061 15002
2005 2062 17960
2005 2063 6968
2005 2064 7373
2005 2066 7666
2005 2068 12360
2005 2069 418
2005 2071 22385
2005 2072 4001
2005 2074 13485
2005 2078 11619
2005 2080 22946
2005 2081 26613
2005 2082 16696
2005 2083 12389
2005 2087 6894
2005 2092 30804
2005 2093 31119
2005 2097 6219
2005 2099 18627
2005 2102 30088
2005 2105 18461
2005 2108 19295
2005 2109 32652
2005 2110 23643
2005 2111 90
2005 2112 12747
2005 2113 7965
2005 2116 1124
2005 2117 30284
2005 2118 32525
2005 2121 15953
2005 2122 21792
2005 2124 12110
2005 2125 12197
2007 2008 497
2008 2009 20805
2009 2010 4112
2010 2011 3856
2011 2012 23256
2012 2013 27730
2013 2014 11231
2016 2017 23034
2019 2020 28501
2020 2021 24171
2021 2022 6438
2022 2023 20656
2023 2024 13265
2025 2026 27236
2029 2030 28469
2030 2031 19924
2032 2033 30386
2033 2034 18972
2034 2035 20802
2038 2039 13652
2040 2041 25471
2042 2043 13580
2045 2046 10925
2048 2049 20380
2049 2050 16708
2053 2054 13599
2054 2055 137
2056 2057 25867
2058 2059 28728
2064 2065 15812
2066 2067 31831
2069 2070 11684
2072 2073 27293
2074 2075 14658
2075 2076 5140
2076 2077 26887
2078 2079 19688
2083 2084 77
2084 2085 29559
2085 2086 12959
2087 2088 10530
2088 2089 28630
2089 2090 2676
2090 2091 26140
2093 2094 10638
2094 2095 4391
2095 2096 25860
2097 2098 10276
2099 2100 18060
2100 2101 2094
2102 2103 12328
2103 2104 26437
2105 2106 5053
2106 2107 15385
2113 2114 4139
2114 2115 26927
2118 2119 26728
2119 2120 28196
2122 2123 11304
2126 2127 14368
2126 2128 26396
2126 2146 12975
2126 2147 4813
2126 2153 1183
2126 2156 10391
2126 2157 148
2126 2159 23646
2126 2162 20333
2126 2164 3559
2126 2166 19127
2126 2170 11773
2126 2173 28601
2126 2179 32207
2126 2187 22495
2128 687 552
2128 2129 18835
2128 2132 4460
2128 2136 19652
2128 2138 23171
2128 2140 18595
2128 2143 29720
2128 2145 7273
2129 2130 16088
2130 2131 29467
2132 2133 31375
2134 2135 21163
2136 2137 11612
2138 2139 10474
2140 2141 13649
2141 2142 27930
2143 2144 24628
2147 2148 25395
2148 2149 583
2149 2150 13833
2150 2151 3127
2151 2152 2045
2153 2154 25000
2154 2155 21985
2157 2158 31990
2159 2160 9772
2160 2161 4638
2162 2163 3771
2164 2165 12793
2166 2167 11696
2167 2168 14373
2168 2169 22061
2170 2171 24908
2171 2172 30716
2173 2174 5300
2174 2175 16739
2175 2176 827
2176 2177 13497
2177 2178 3872
2179 2180 30578
2180 2181 19289
2181 2182 3772
2182 2183 5693
2183 2184 7658
2184 2185 12999
2185 2186 7478
2187 2188 7366
2191 2192 29610
2191 2193 30642
2191 2194 29995
2191 2195 13567
2191 2198 3577
2191 2199 13854
2191 2203 28454
2191 2208 3992
2191 2209 27602
2191 2212 32226
2191 2215 29994
2191 2216 25045
2191 2217 21374
2191 2219 2548
2191 2220 27883
2191 2221 30444
2191 2224 11881
2191 2226 31975
2191 2227 4670
2191 2229 28847
2191 2231 22318
2195 2196 18098
2196 2197 21967
2199 2200 31594
2200 2201 3572
2201 2202 6067
2203 2204 5138
2204 2205 30991
2205 2206 1789
2206 2207 1268
2209 2210 14460
2210 2211 26512
2212 2213 18300
2213 2214 16812
2217 2218 8434
2221 2222 1677
2222 2223 17575
2224 2225 4617
2227 2228 21890
2229 2230 47
2233 2234 30990
2233 2236 23340
2233 2237 26705
2233 2239 6484
2233 2240 25643
2233 2241 29814
2233 2242 4564
2233 2244 11500
2233 2245 10298
2233 2246 7682
2233 2251 23875
2233 2252 30370
2233 2253 14923
2233 2255 16498
2233 2256 31051
2233 2259 28864
2233 2261 22677
2233 2262 23023
2233 2265 260
2233 2268 18764
2233 2270 15117
2233 2271 15467
2233 2273 20770
2234 2235 12919
2237 2238 12855
2242 2243 297
2246 2247 15727
2247 2248 4665
2247 2250 10300
2248 2249 21888
2253 2254 14969
2256 2257 21813
2257 2258 14398
2259 2260 1244
2262 2263 20359
2263 2264 26850
2265 2266 20456
2266 2267 25605
2268 2269 25810
2271 2272 8428
2273 2274 3913
2276 2277 420
2276 2280 16882
2276 2282 3032
2276 2283 23266
2276 2285 16387
2276 2286 20631
2276 2288 31464
2276 2291 21501
2276 2292 15380
2276 2293 30585
2276 2294 16702
2276 2295 11073
2276 2296 9653
2276 2298 8594
2276 2299 28227
2276 2300 388
2276 2304 27954
2276 2306 17802
2276 2307 1866
2276 2311 19168
2276 2313 27147
2276 2314 371
2276 2317 1137
2276 2320 26633
2277 2278 24312
2278 2279 7862
2280 2281 5320
2283 2284 27101
2286 2287 32555
2288 2289 4685
2288 2290 28086
2296 2297 13117
2300 2301 22741
2301 2302 19763
2302 2303 10648
2304 2305 27932
2307 2308 18667
2308 2309 28953
2309 2310 31146
2311 2312 213
2314 2315 23594
2315 2316 15707
2317 2318 12075
2318 2319 3266
2320 2321 16729
2322 2323 18482
2324 2325 24508
2324 2326 1802
2324 2327 12494
2324 2328 22571
2324 2330 10506
2324 2331 698
2324 2332 27955
2324 2333 29144
2324 2334 22444
2324 2338 19224
2324 2339 16778
2324 2342 28101
2324 2343 30031
2324 2346 18740
2328 2329 8303
2334 2335 10925
2335 2336 528
2336 2337 26559
2339 2340 18589
2340 2341 12270
2343 2344 23849
2344 2345 26912
2346 2347 4788
2347 2348 21563
2348 2349 8400
2349 2350 25541
2350 2351 19514
2354 543 15505
2354 2355 30044
2354 2357 22711
2354 2358 17375
2354 2363 18284
2354 2364 8106
2354 2367 6258
2354 2368 27397
2354 2369 14394
2354 2370 20159
2354 2372 27123
2354 2376 12415
2354 2377 14096
2354 2378 27822
2354 2379 10258
2354 2381 30873
2354 2382 30876
2354 2384 30396
2354 2388 18706
2354 2389 22105
2354 2390 8795
2354 2392 8387
2354 2395 1143
2354 2398 27141
2354 2400 16139
2354 2401 18388
2354 2402 2839
2355 2356 2277
2358 2359 22372
2359 2360 30752
2360 2361 1396
2361 2362 4682
2364 2365 771
2365 2366 2585
2371 544 19529
2372 2373 5584
2373 2374 1447
2374 2375 6868
2379 2380 3939
2382 2383 11999
2384 2385 19615
2385 2386 25522
2386 2387 24242
2390 2391 14712
2392 2393 24707
2393 2394 13631
2395 2396 18848
2396 2397 17454
2398 2399 7971
2405 2406 6490
2405 2407 2209
2405 2408 25458
2405 2409 20925
2405 2414 24727
2409 2410 25868
2410 2411 18964
2411 2412 29555
2412 2413 7905
2414 2415 21289
2415 2416 19207
2417 2418 15355
2418 2419 23396
2420 2421 29323
2423 2424 10341
2424 2425 17049
2429 2430 30634
2432 2433 26784
2432 2435 21426
2432 2440 19786
2432 2445 4611
2432 2446 18822
2432 2447 869
2432 2450 8258
2432 2451 26411
2432 2452 800
2432 2453 16804
2432 2454 24985
2432 2456 30503
2432 2457 32362
2432 2458 22608
2432 2460 25922
2432 2461 29040
2432 2463 27401
2432 2470 15937
2432 2474 30012
2432 2475 11347
2432 2476 26919
2432 2478 27091
2432 2479 27148
2432 2480 11160
2432 2481 1405
2432 2484 11425
2432 2487 10090
2433 2434 31330
2435 2436 15281
2436 2437 31888
2437 2438 20795
2438 2439 23638
2440 2441 29411
2441 2442 19984
2442 2443 19647
2443 2444 6655
2447 2448 10371
2448 2449 25502
2454 2455 25100
2458 2459 27761
2461 2462 15717
2463 2464 13965
2464 2465 4539
2465 2466 19501
2466 2467 6423
2467 2468 23815
2468 2469 29409
2470 2471 10053
2471 2472 6002
2472 2473 4431
2476 2477 11585
2481 2482 17089
2482 2483 29807
2484 2485 15944
2485 2486 25535
2488 2489 19264
2488 2490 10812
2488 2492 13627
2490 2491 8984
2495 2496 22755
2499 2500 30095
2504 2505 28885
2507 2508 10449
2507 2509 27238
2507 2511 29755
2507 2513 2415
2507 2515 5741
2507 2516 7056
2507 2517 4609
2507 2518 16019
2507 2519 25827
2507 2521 6862
2507 2525 14248
2507 2527 14779
2507 2530 11343
2507 2531 8731
2507 2532 28751
2507 2536 28251
2507 2537 5096
2507 2538 30498
2507 2540 30979
2507 2541 15138
2507 2542 32306
2507 2545 13991
2507 2548 28301
2507 2549 12413
2509 2510 17781
2511 2512 28451
2513 2514 3469
2519 2520 8286
2521 2522 7277
2522 2523 20142
2523 2524 14541
2525 2526 23355
2527 2528 26435
2528 2529 26658
2532 2533 14799
2533 2534 15961
2534 2535 8380
2538 2539 21374
2542 2543 28584
2543 2544 30538
2545 2546 8113
2546 2547 11656
2549 2550 24593
2552 2553 8373
2556 2557 20671
2560 2561 15031
2561 889 24252
2564 2565 7253
2565 2566 14399
2566 2567 12623
2567 2568 16100
2568 2569 20036
2568 2570 20600
2571 2572 28366
2572 2573 17192
2573 2574 7546
2576 2577 6164
2577 2578 7303
2582 2583 16281
2586 2587 23952
2588 2589 25809
2590 2591 1933
2593 2594 8722
2598 2599 1482
2600 2601 20089
2603 2604 12242
2607 2608 21704
2610 2611 22869
2614 2615 17940
2619 2620 21136
2622 2623 12065
2623 2624 25805
2626 2627 11612
2628 2629 29672
2631 2632 26826
2632 2633 29955
2634 2635 625
2638 2639 11210
2641 2642 17156
2642 2643 27388
2643 2644 29646
2645 2646 14868
2646 2647 23614
2649 2650 4413
2654 2655 28796
2658 2659 9726
2659 2660 25065
2663 2664 22085
2664 2665 2181
2665 2666 27829
2666 2667 5256
2667 2668 4188
2668 2669 12716
2674 2675 838
2675 2676 20998
2677 2678 11915
2679 2680 17499
2680 2681 12222
2681 2682 6733
2682 2683 31468
2684 2685 17629
2685 2686 32143
2686 2687 16916
2688 2689 21028
2692 2693 19661
2694 2695 20790
2696 2697 18424
2698 2699 29741
2699 2700 10447
2703 2704 24347
2704 2705 32719
2705 2706 21081
2706 2707 32382
2707 2708 2489
2709 2710 2105
2714 2715 32403
2715 2716 3749
2717 2718 27390
2720 2721 15991
2725 2726 8168
2726 2727 26545
2732 2733 3317
2734 2735 9345
2737 2738 4167
2741 2742 7270
2743 2744 5538
2748 2749 27986
2748 2750 1925
2752 2753 21202
2757 2758 27182
2759 2760 9095
2761 2762 30628
2762 2763 16255
2769 2770 3396
2773 2774 7720
2776 2777 32341
2781 2782 24813
2782 2783 15546
2783 2784 14278
2788 2789 4027
2789 2790 3903
2790 2791 4724
2798 2799 31686
2800 2801 15986
2803 2804 13365
2804 2805 11397
2805 2806 15868
2807 2808 17616
2810 2811 16218
2811 2812 8344
2812 2813 20604
2813 2814 13163
2814 2815 10879
2820 2821 16015
2821 2822 19372
2822 2823 26843
2827 2828 8807
2828 2829 26217
2830 2831 7326
2831 2832 14017
2832 2833 10180
2834 2835 30057
2838 2839 19869
2839 2840 22536
2840 2841 15458
2842 2843 3700
2848 2849 15622
2849 2850 7274
2850 2851 28835
2853 2854 16828
2860 2861 13914
2864 2865 27958
2866 2867 25899
2870 2871 22427
2872 2873 8592
2876 2877 3921
2877 2878 5340
2878 2879 17089
2879 2880 15536
2884 2885 18043
2885 2886 31493
2886 2887 32146
2889 2890 5021
2891 2892 15828
2893 2894 27094
2895 2896 22218
2896 2897 10802
2897 2898 22943
2903 2904 9496
2906 2907 29027
2912 2913 3217
2913 2914 22085
2914 2915 5403
2915 2916 31672
2916 2917 14776
2917 2918 22685
2918 2919 9711
2919 2920 25066
2920 2921 7254
2921 2922 21354
2922 2923 9942
2923 2924 32643
2924 2925 1500
2926 2927 26150
2928 2929 15866
2930 2931 5209
2933 2934 24534
2933 2953 6398
2933 2960 17500
2933 3002 182
2933 3003 1916
2933 3015 6685
2933 3054 7693
2933 3066 3253
2933 3075 1924
2933 3084 24621
2933 3089 25248
2933 3108 16111
2933 3109 9275
2933 3132 22043
2933 3133 27103
2933 3142 1623
2933 3144 28116
2933 3146 29723
2933 3153 4285
2933 3155 15203
2933 3191 19712
2933 3192 27117
2933 3197 19084
2933 3199 15469
2933 3200 15807
2933 3203 15966
2933 3204 21104
2933 3205 10584
2933 3207 11381
2933 3208 2065
2933 3209 4372
2933 3211 630
2933 3212 10560
2933 3216 9087
2933 3218 2715
2933 3219 11945
2933 3220 25993
2933 3222 2621
2933 3224 26842
2933 3225 11465
2933 3228 12249
2933 3229 12158
2933 3231 30148
2933 3232 29766
2933 3233 25070
2933 3234 1496
2933 3235 6693
2933 3236 18703
2933 3237 29967
2933 3238 4683
2933 3239 13460
2933 3240 1714
2933 3241 12444
2933 3242 12415
2933 3245 23714
2933 3246 9924
2933 3248 9961
2933 3249 27725
2933 3250 26200
2933 3251 1667
2933 3253 29772
2933 3255 5249
2933 3256 14817
2933 3257 12218
2933 3258 29813
2933 3260 27358
2933 3262 21379
2933 3264 10469
2933 3265 25086
2933 3266 5475
2933 3270 32724
2933 3272 4246
2933 3273 5187
2933 3274 13517
2933 3275 10282
2933 3276 2071
2933 3277 20340
2933 3278 17501
2933 3282 17235
2933 3284 12625
2933 3285 23273
2933 3286 9947
2933 3288 16006
2933 3289 17388
2933 3291 20917
2933 3293 1243
2933 3294 29338
2933 3295 32184
2933 3296 24957
2933 3300 24639
2933 3301 31094
2933 3302 29260
2933 3303 27531
2933 3305 253
2933 3306 30665
2933 3307 32237
2933 3309 15390
2933 3314 7971
2933 3315 12027
2933 3316 24497
2933 3321 19460
2933 3324 28184
2933 3325 27491
2934 5 16099
2934 882 16491
2934 2935 27940
2934 2939 8890
2934 2941 8106
2934 2942 7413
2934 2943 8498
2934 2944 22223
2934 2945 2790
2934 2946 23562
2934 2949 7125
2935 2936 4221
2936 2937 27995
2937 2938 24946
2939 2940 29578
2946 2947 1754
2947 2948 29201
2951 2952 31523
2953 671 4413
2953 2954 18098
2953 2957 23546
2953 2958 25687
2953 2959 30478
2954 2955 28212
2955 2956 8918
2960 2961 32482
2960 2962 25684
2960 2963 20714
2960 2964 22356
2960 2967 14019
2960 2968 31458
2960 2971 6127
2960 2973 4730
2960 2974 17401
2960 2977 18826
2960 2978 12892
2960 2980 29766
2960 2981 16024
2960 2982 24544
2960 2985 10755
2960 2986 30102
2960 2987 14619
2960 2989 20288
2960 2991 12384
2960 2992 4421
2960 2995 21756
2960 2996 15635
2960 2999 30668
2960 3001 2199
2964 2965 1410
2965 2966 27213
2968 2969 11508
2969 2970 18135
2971 2972 29915
2974 2975 21562
2975 2976 9354
2978 2979 10302
2982 2983 16234
2983 2984 21115
2987 2988 4410
2989 2990 10263
2992 2993 31074
2993 2994 22092
2996 2997 21984
2997 2998 14881
2999 3000 12948
3003 3004 12040
3003 3011 18424
3003 3013 21301
3003 3014 27781
3004 3005 30702
3005 3006 30293
3006 3007 25896
3007 3008 14020
3008 3009 4901
3009 3010 18455
3011 3012 20979
3015 352 25978
3015 3016 22014
3015 3017 2007
3015 3019 6673
3015 3020 5699
3015 3022 19066
3015 3023 12068
3015 3031 18985
3015 3033 30524
3015 3035 10764
3015 3036 1587
3015 3037 27629
3015 3038 1118
3015 3042 30111
3015 3043 27602
3015 3044 32322
3015 3047 12042
3015 3048 20187
3015 3050 22942
3017 3018 14497
3020 3021 9188
3023 3024 30372
3024 3025 30838
3025 3026 7613
3026 3027 8933
3027 3028 5348
3028 3029 22831
3029 3030 8550
3031 3032 7596
3033 3034 11659
3038 3039 9609
3039 292 26029
3044 3045 4117
3045 3046 26324
3048 3049 23906
3050 3051 21321
3051 3052 18189
3052 3053 1225
3054 3055 29738
3054 3056 4409
3054 3057 2469
3054 3058 15881
3054 3059 25239
3054 3060 8107
3054 3064 22629
3054 3065 19913
3060 3061 154
3061 3062 6685
3062 3063 14050
3066 1 26393
3066 883 15249
3066 3067 25794
3066 3068 13202
3066 3071 28008
3066 3072 31934
3066 3073 18727
3066 3074 8672
3068 3069 5707
3069 3070 21496
3075 3076 17942
3075 3078 14972
3075 3079 22650
3075 3080 15008
3075 3081 5819
3075 3083 5621
3076 3077 19483
3081 3082 727
3084 3085 13573
3084 3087 13705
3084 3088 24644
3085 3086 18158
3089 3090 23375
3089 3091 3644
3089 3095 2491
3089 3096 27934
3089 3097 18752
3089 3099 18983
3089 3100 20224
3089 3102 4986
3089 3105 20463
3089 3106 13331
3091 3092 21901
3092 3093 30753
3093 3094 26955
3097 3098 326
3100 3101 21596
3102 3103 12728
3103 3104 24251
3106 3107 28061
3109 3110 4010
3109 3112 19480
3109 3113 17153
3109 3115 24027
3109 3118 16891
3109 3121 7491
3109 3122 17252
3109 3125 31809
3109 3127 5726
3110 3111 26269
3113 3114 5134
3115 3116 863
3116 3117 6130
3118 3119 5721
3119 3120 31667
3122 3123 11049
3123 3124 15017
3125 3126 15665
3127 3128 17011
3128 3129 27725
3129 3130 24908
3130 3131 3162
3133 3134 2050
3133 3135 3524
3133 3138 1215
3133 3139 28599
3133 3140 17670
3133 3141 12455
3135 3136 24711
3136 3137 6221
3142 3143 31680
3144 3145 20037
3146 3147 18569
3146 3150 2807
3146 3151 23535
3146 3152 23666
3147 3148 3092
3148 3149 1882
3153 3154 24049
3155 3156 3106
3155 3160 2594
3155 3161 23324
3155 3163 6444
3155 3164 22070
3155 3165 23259
3155 3167 30033
3155 3170 22956
3155 3171 19093
3155 3175 12891
3155 3180 20022
3155 3184 14605
3155 3185 21887
3155 3189 24757
3156 3157 30498
3157 3158 16028
3158 3159 28446
3161 3162 4920
3165 3166 26297
3167 3168 19129
3168 3169 26974
3171 3172 15089
3172 3173 21859
3173 3174 20864
3175 3176 20479
3176 3177 15472
3177 3178 15869
3178 3179 10408
3180 3181 3817
3181 3182 19663
3182 3183 22222
3185 3186 27818
3186 3187 21183
3187 3188 8177
3189 3190 5820
3192 3193 16678
3193 3194 22454
3194 3195 19464
3195 3196 6847
3197 3198 28803
3200 3201 6824
3201 3202 1626
3202 1434 32663
3205 3206 11991
3209 3210 8292
3212 3213 7492
3213 3214 954
3214 3215 1030
3216 3217 18249
3220 3221 21375
3222 3223 1425
3225 3226 8493
3226 3227 22291
3229 3230 162
3242 3243 12771
3243 3244 9537
3246 3247 17140
3251 3252 6888
3253 3254 30354
3258 3259 5363
3260 3261 20967
3262 3263 3636
3266 3267 3461
3267 3268 2519
3268 3269 8513
3270 3271 1106
3278 3279 13285
3279 3280 23750
3280 3281 13704
3282 3283 640
3286 3287 24972
3289 3290 20353
3291 3292 3465
3296 3297 45
3297 3298 5306
3298 3299 31126
3303 3304 27557
3307 3308 23296
3309 3310 1546
3310 3311 31880
3311 3312 18796
3312 3313 19484
3316 3317 22693
3317 3318 17194
3318 3319 10605
3319 3320 17059
3321 3322 6838
3322 3323 20556
3325 3326 15179
3326 3327 18296
3327 3328 10782
